   0.7364
   0.8887
   0.9493
   0.9741
   0.9866
   0.9925
   0.9955
   0.8696
   0.9191
   0.9667
   0.9848
   0.9903
   0.9950
   0.9963
   0.8828
   0.9338
   0.9625
   0.9819
   0.9902
   0.9948
   0.9970
   0.8568
   0.9071
   0.9321
   0.9580
   0.9759
   0.9852
   0.9917
   0.8031
   0.9177
   0.9558
   0.9809
   0.9917
   0.9958
   0.9976
   0.7721
   0.9301
   0.9693
   0.9890
   0.9939
   0.9964
   0.9979
   0.8291
   0.9088
   0.9363
   0.9714
   0.9850
   0.9929
   0.9971
   0.9118
   0.9695
   0.9874
   0.9926
   0.9961
   0.9978
   0.9987
   0.7326
   0.8630
   0.9021
   0.9465
   0.9800
   0.9903
   0.9950
   0.9092
   0.9638
   0.9728
   0.9853
   0.9943
   0.9961
   0.9977
   0.9312
   0.9534
   0.9695
   0.9847
   0.9917
   0.9953
   0.9972
   0.8395
   0.9140
   0.9497
   0.9709
   0.9827
   0.9926
   0.9957
   0.9026
   0.9549
   0.9792
   0.9887
   0.9942
   0.9966
   0.9980
   0.9399
   0.9433
   0.9701
   0.9840
   0.9922
   0.9957
   0.9977
   0.7776
   0.9138
   0.9459
   0.9713
   0.9869
   0.9928
   0.9959
   0.8794
   0.9134
   0.9566
   0.9718
   0.9845
   0.9921
   0.9954
   0.8629
   0.9551
   0.9737
   0.9843
   0.9906
   0.9958
   0.9976
   0.7245
   0.9179
   0.9519
   0.9781
   0.9884
   0.9939
   0.9963
   0.7779
   0.8994
   0.9403
   0.9680
   0.9815
   0.9899
   0.9944
   0.8164
   0.9300
   0.9545
   0.9729
   0.9829
   0.9906
   0.9947
   0.8475
   0.9125
   0.9416
   0.9710
   0.9871
   0.9934
   0.9961
   0.9185
   0.9709
   0.9867
   0.9924
   0.9955
   0.9973
   0.9984
   0.8347
   0.9250
   0.9439
   0.9758
   0.9900
   0.9947
   0.9968
   0.8934
   0.9378
   0.9672
   0.9851
   0.9924
   0.9960
   0.9977
   0.8678
   0.9211
   0.9576
   0.9783
   0.9895
   0.9937
   0.9963