82.793
143.645
190.120
227.964
261.568
290.836
317.527
101.353
151.279
185.072
226.807
236.841
277.153
291.380
124.045
177.346
212.482
247.057
270.249
296.868
317.928
149.667
186.664
213.164
247.205
285.401
310.458
339.629
104.723
153.769
201.606
247.527
287.461
316.119
338.827
149.262
204.329
251.040
282.317
302.173
322.106
340.918
81.406
136.769
185.776
234.771
277.818
312.378
340.611
124.082
174.956
216.765
248.729
279.259
301.471
321.842
59.368
106.362
139.468
192.879
245.867
280.331
308.725
114.866
151.652
189.335
259.950
304.939
333.335
353.597
157.346
184.593
230.429
263.998
291.808
315.639
335.215
63.285
136.884
191.143
239.440
272.340
302.426
322.801
149.241
197.903
241.585
277.153
304.856
326.918
347.292
130.063
161.874
216.225
251.456
286.389
308.415
331.768
113.073
173.403
200.628
241.655
282.375
305.766
326.283
150.951
177.372
226.936
255.660
297.015
327.655
357.423
120.061
178.844
215.021
256.287
286.593
318.352
342.844
88.314
156.528
185.867
225.589
259.231
291.144
312.287
102.216
152.801
178.725
222.984
254.773
285.822
312.153
112.674
183.868
214.568
251.224
288.888
320.466
358.596
129.891
172.078
202.913
242.860
277.138
302.605
320.032
151.944
204.553
241.898
273.762
297.105
321.775
338.014
122.413
149.334
192.991
241.754
284.193
310.977
328.302
140.285
159.378
211.590
251.941
282.368
307.083
327.150
155.468
200.483
242.317
280.905
311.037
339.245
363.694