214.910
259.080
299.565
332.934
359.062
381.907
402.608
231.871
261.570
296.555
329.923
356.149
382.314
401.449
226.824
270.550
298.699
329.640
353.441
376.162
397.770
225.280
251.533
275.706
300.833
327.094
350.710
372.634
218.508
261.544
293.888
327.095
358.203
385.230
406.951
245.238
290.293
329.840
368.167
390.901
409.254
428.414
188.096
247.955
287.888
323.783
355.587
385.806
407.731
231.435
269.717
305.168
325.959
353.556
376.403
397.938
191.332
252.337
282.895
326.848
357.982
380.044
404.445
205.725
254.955
291.668
328.808
356.259
387.483
408.270
220.766
245.451
267.334
295.320
320.171
342.890
363.361
166.227
238.066
284.949
316.481
345.827
369.746
388.120
239.170
270.754
304.282
329.889
352.910
374.845
394.980
240.078
268.338
313.669
346.682
378.061
402.244
422.638
221.997
261.998
293.152
323.094
353.355
376.197
397.698
233.936
255.394
291.014
313.983
339.985
363.518
383.607
228.223
280.320
313.927
349.367
378.578
406.029
430.253
211.425
260.066
285.950
314.968
339.506
364.167
383.588
224.279
266.769
286.205
316.182
340.184
361.554
383.507
182.771
233.152
254.523
282.920
306.581
329.825
349.843
230.277
266.483
289.691
318.126
348.241
370.191
390.235
229.597
273.646
310.597
333.973
354.809
375.645
395.675
223.360
253.831
279.390
313.755
350.686
373.091
393.434
240.240
258.731
291.442
323.937
349.241
373.505
395.353
218.914
254.545
285.816
316.894
344.141
364.272
385.906