154.195
198.366
238.850
272.220
298.347
321.192
341.893
182.139
211.838
246.824
280.191
306.417
332.582
351.717
170.657
214.383
242.532
273.473
297.274
319.995
341.603
169.921
196.175
220.347
245.474
271.735
295.351
317.275
161.685
204.721
237.064
270.272
301.380
328.407
350.128
211.013
256.068
295.616
333.942
356.677
375.029
394.189
123.430
183.290
223.223
259.117
290.921
321.141
343.065
172.271
210.553
246.004
266.794
294.392
317.239
338.774
122.268
183.272
213.831
257.783
288.917
310.979
335.380
139.688
188.918
225.631
262.771
290.222
321.446
342.233
162.209
186.893
208.776
236.762
261.613
284.332
304.803
101.932
173.771
220.654
252.186
281.532
305.451
323.825
164.574
196.158
229.686
255.293
278.314
300.249
320.384
212.854
241.113
286.445
319.458
350.836
375.020
395.414
175.841
215.842
246.996
276.938
307.199
330.040
351.541
154.769
176.227
211.847
234.817
260.818
284.351
304.440
186.266
238.362
271.969
307.409
336.621
364.071
388.296
154.776
203.417
229.302
258.319
282.858
307.518
326.939
164.615
207.105
226.540
256.518
280.519
301.890
323.843
105.802
156.182
177.553
205.951
229.611
252.856
272.874
177.012
213.218
236.426
264.861
294.976
316.926
336.970
175.029
219.078
256.029
279.405
300.241
321.077
341.107
159.787
190.258
215.817
250.182
287.112
309.518
329.861
175.679
194.169
226.880
259.375
284.680
308.943
330.792
173.536
209.166
240.438
271.516
298.763
318.894
340.528