   0.6277
   0.7319
   0.8278
   0.8869
   0.9264
   0.9540
   0.9691
   0.7539
   0.8093
   0.8917
   0.9359
   0.9612
   0.9764
   0.9843
   0.7548
   0.8163
   0.8739
   0.9208
   0.9504
   0.9704
   0.9823
   0.6703
   0.7427
   0.7866
   0.8409
   0.8868
   0.9217
   0.9488
   0.6400
   0.7864
   0.8533
   0.9113
   0.9510
   0.9732
   0.9838
   0.6287
   0.7925
   0.8874
   0.9497
   0.9698
   0.9808
   0.9876
   0.7366
   0.8269
   0.8677
   0.9142
   0.9462
   0.9689
   0.9832
   0.7724
   0.8884
   0.9406
   0.9602
   0.9777
   0.9868
   0.9918
   0.8070
   0.8543
   0.8792
   0.9052
   0.9380
   0.9591
   0.9755
   0.7746
   0.8920
   0.9204
   0.9432
   0.9681
   0.9803
   0.9874
   0.7686
   0.8300
   0.8711
   0.9228
   0.9537
   0.9719
   0.9828
   0.7058
   0.8078
   0.8806
   0.9184
   0.9451
   0.9678
   0.9798
   0.7412
   0.8411
   0.9090
   0.9417
   0.9648
   0.9779
   0.9865
   0.8648
   0.8784
   0.9196
   0.9514
   0.9707
   0.9820
   0.9883
   0.6818
   0.7931
   0.8547
   0.9001
   0.9357
   0.9564
   0.9746
   0.7046
   0.7747
   0.8645
   0.8988
   0.9324
   0.9579
   0.9734
   0.7464
   0.8717
   0.9128
   0.9416
   0.9638
   0.9785
   0.9870
   0.5751
   0.7697
   0.8481
   0.9116
   0.9444
   0.9675
   0.9792
   0.7039
   0.8161
   0.8596
   0.9056
   0.9359
   0.9568
   0.9723
   0.6288
   0.7707
   0.8217
   0.8695
   0.9043
   0.9391
   0.9601
   0.6861
   0.7672
   0.8240
   0.8834
   0.9345
   0.9628
   0.9769
   0.7577
   0.8803
   0.9382
   0.9595
   0.9738
   0.9826
   0.9893
   0.6472
   0.7917
   0.8099
   0.8888
   0.9451
   0.9682
   0.9792
   0.7516
   0.8101
   0.8621
   0.9195
   0.9538
   0.9738
   0.9846
   0.6863
   0.7654
   0.8323
   0.8920
   0.9352
   0.9564
   0.9724