   0.2389
   0.4601
   0.6388
   0.7440
   0.8375
   0.8917
   0.9238
   0.4175
   0.4976
   0.6219
   0.6848
   0.7926
   0.8327
   0.8812
   0.5265
   0.6463
   0.7198
   0.8142
   0.8766
   0.9223
   0.9495
   0.3610
   0.4696
   0.5526
   0.6479
   0.7500
   0.8141
   0.8744
   0.4273
   0.6181
   0.7230
   0.8160
   0.9080
   0.9510
   0.9713
   0.2579
   0.6576
   0.8144
   0.9174
   0.9496
   0.9677
   0.9803
   0.2938
   0.4149
   0.4707
   0.5752
   0.6584
   0.7531
   0.8753
   0.7731
   0.8929
   0.9438
   0.9628
   0.9792
   0.9878
   0.9925
   0.1401
   0.2238
   0.2869
   0.3667
   0.5319
   0.6890
   0.7903
   0.4217
   0.5468
   0.5978
   0.6690
   0.8113
   0.8199
   0.8811
   0.7438
   0.7957
   0.8410
   0.9068
   0.9400
   0.9631
   0.9765
   0.3375
   0.4237
   0.5110
   0.5771
   0.6368
   0.7810
   0.8501
   0.6557
   0.7755
   0.8565
   0.8963
   0.9316
   0.9528
   0.9700
   0.2795
   0.3136
   0.3889
   0.4557
   0.5030
   0.6219
   0.7411
   0.1874
   0.3839
   0.4673
   0.5235
   0.6353
   0.7490
   0.8026
   0.4518
   0.5291
   0.6514
   0.7037
   0.7675
   0.8447
   0.8985
   0.2839
   0.4665
   0.5376
   0.6182
   0.6816
   0.7856
   0.8523
   0.4389
   0.7154
   0.8020
   0.8870
   0.9284
   0.9595
   0.9743
   0.3634
   0.5684
   0.6676
   0.7407
   0.8076
   0.8624
   0.9055
   0.3713
   0.5156
   0.5884
   0.6482
   0.7189
   0.7991
   0.8555
   0.4119
   0.5824
   0.6710
   0.7793
   0.8730
   0.9300
   0.9558
   0.6948
   0.8388
   0.9104
   0.9375
   0.9579
   0.9695
   0.9821
   0.2712
   0.5968
   0.6447
   0.7676
   0.8703
   0.9147
   0.9385
   0.5144
   0.6672
   0.7460
   0.8501
   0.9167
   0.9539
   0.9728
   0.4571
   0.5685
   0.6927
   0.7859
   0.8669
   0.9043
   0.9383