   0.1533
   0.2953
   0.4400
   0.5397
   0.6202
   0.7013
   0.7613
   0.2431
   0.3272
   0.4509
   0.5578
   0.6596
   0.7323
   0.7896
   0.2810
   0.3878
   0.4722
   0.5744
   0.6529
   0.7220
   0.7851
   0.2564
   0.3298
   0.3953
   0.4691
   0.5490
   0.6248
   0.6944
   0.2153
   0.3528
   0.4454
   0.5512
   0.6542
   0.7403
   0.8006
   0.1549
   0.3440
   0.4831
   0.6447
   0.7288
   0.7909
   0.8418
   0.2274
   0.3608
   0.4383
   0.5496
   0.6417
   0.7321
   0.7931
   0.2982
   0.4278
   0.5396
   0.6000
   0.6860
   0.7531
   0.8075
   0.1378
   0.2509
   0.3471
   0.4611
   0.5705
   0.6520
   0.7285
   0.2647
   0.4228
   0.5042
   0.5863
   0.6628
   0.7517
   0.8084
   0.3114
   0.3696
   0.4294
   0.5170
   0.5927
   0.6625
   0.7226
   0.2287
   0.3023
   0.4118
   0.4987
   0.5902
   0.6671
   0.7280
   0.3043
   0.4135
   0.5239
   0.6020
   0.6730
   0.7387
   0.7926
   0.3429
   0.3860
   0.4868
   0.5864
   0.6732
   0.7432
   0.7960
   0.1519
   0.2919
   0.4110
   0.4837
   0.5844
   0.6607
   0.7291
   0.2608
   0.3241
   0.4441
   0.5180
   0.5918
   0.6690
   0.7281
   0.2462
   0.4187
   0.5112
   0.6112
   0.6976
   0.7790
   0.8386
   0.1748
   0.3272
   0.4160
   0.5177
   0.6036
   0.6928
   0.7538
   0.1811
   0.3224
   0.3997
   0.4910
   0.5773
   0.6499
   0.7194
   0.2145
   0.3461
   0.4089
   0.4911
   0.5581
   0.6295
   0.6907
   0.2246
   0.3408
   0.4113
   0.5104
   0.6230
   0.7186
   0.7825
   0.3297
   0.4586
   0.5786
   0.6506
   0.7134
   0.7675
   0.8213
   0.2066
   0.3440
   0.3908
   0.5176
   0.6646
   0.7482
   0.8024
   0.2869
   0.3781
   0.4583
   0.5693
   0.6630
   0.7421
   0.8005
   0.2831
   0.3742
   0.4681
   0.5607
   0.6476
   0.7083
   0.7670