109.934
166.120
217.229
263.600
306.561
341.667
377.553
149.615
195.403
241.955
297.671
325.344
373.709
404.891
162.622
217.817
256.630
304.559
340.281
383.693
425.579
182.648
214.950
247.814
284.576
326.723
362.719
401.695
154.158
213.630
258.083
309.385
364.888
412.385
451.171
185.313
245.040
296.896
350.752
384.893
415.798
451.693
121.696
210.646
255.731
314.312
366.740
419.119
473.280
181.048
234.288
286.627
321.855
364.275
404.947
448.068
115.266
182.203
213.640
270.169
320.443
359.105
401.714
162.009
221.233
271.335
327.664
376.160
438.994
487.592
198.841
225.740
259.809
298.814
336.512
374.693
414.136
117.650
215.278
268.409
316.886
355.400
402.638
441.750
198.646
244.567
291.174
334.481
374.372
416.998
456.715
156.121
194.197
253.058
297.973
349.552
392.093
428.892
152.905
207.511
247.715
290.674
337.736
370.191
409.218
197.292
215.372
259.973
293.095
334.105
370.703
408.904
148.347
222.964
272.306
324.105
374.556
426.467
448.884
157.686
218.972
250.710
295.045
330.054
367.301
400.509
176.625
222.097
247.869
289.489
324.502
360.272
399.248
180.392
244.150
273.474
315.821
360.327
403.247
454.295
163.829
209.735
239.939
279.891
326.028
362.243
394.185
195.345
254.376
306.196
347.533
389.047
436.526
488.740
150.790
188.550
227.501
279.217
334.328
377.051
417.521
180.681
196.990
248.305
296.276
341.756
383.310
424.785
192.206
238.910
283.962
333.676
383.686
422.884
450.596