167.056
223.948
273.222
319.071
358.144
389.323
423.125
211.847
257.316
297.602
340.103
362.543
402.313
420.275
200.115
261.012
295.741
336.896
364.877
395.405
419.547
190.521
223.332
254.134
287.043
327.515
357.667
390.565
188.253
239.477
285.949
334.616
381.371
416.512
443.668
239.561
301.423
352.594
395.245
423.170
447.966
470.630
134.470
209.043
258.221
312.405
358.033
392.899
426.898
214.893
263.497
314.717
349.778
383.485
411.064
436.368
127.223
197.816
232.554
290.711
341.413
375.617
409.829
159.625
210.762
262.249
329.429
373.278
412.033
433.763
200.997
231.958
279.265
314.568
345.324
372.993
397.182
112.622
203.229
264.727
313.016
348.166
384.220
408.626
204.809
248.122
294.264
332.717
364.147
391.271
417.260
227.858
265.019
330.270
368.137
413.751
444.057
470.094
191.983
237.429
279.329
323.936
372.064
400.353
430.266
187.999
210.234
254.690
284.552
328.366
359.417
390.393
209.699
265.756
310.204
357.558
393.795
435.605
465.868
179.893
251.362
281.932
324.568
361.791
397.640
423.852
190.789
241.435
267.187
311.365
344.999
379.812
411.899
125.559
193.016
221.221
256.216
295.568
327.046
360.087
203.779
249.270
280.397
319.206
361.836
390.034
411.733
227.763
277.377
315.361
347.709
374.504
405.419
425.929
183.264
214.207
256.487
304.108
346.009
375.031
399.055
209.769
226.192
279.040
319.982
353.721
383.599
405.783
197.610
244.256
287.783
328.917
362.754
391.739
421.437