   0.2572
   0.8126
   0.8640
   0.9404
   0.9651
   0.9748
   0.9866
   0.3379
   0.8942
   0.9044
   0.9737
   0.9789
   0.9909
   0.9936
   0.2248
   0.8583
   0.8983
   0.9641
   0.9766
   0.9860
   0.9924
   0.1572
   0.8489
   0.9063
   0.9382
   0.9558
   0.9713
   0.9820
   0.1969
   0.7829
   0.8571
   0.9495
   0.9692
   0.9890
   0.9929
   0.3448
   0.7845
   0.8707
   0.8966
   0.9792
   0.9824
   0.9957
   0.3138
   0.8743
   0.8878
   0.9404
   0.9660
   0.9759
   0.9898
   0.1222
   0.8520
   0.8521
   0.9821
   0.9877
   0.9960
   0.9973
   0.4899
   0.8241
   0.8444
   0.8945
   0.9455
   0.9565
   0.9839
   0.2957
   0.8994
   0.8965
   0.9663
   0.9811
   0.9877
   0.9928
   0.1129
   0.8962
   0.9477
   0.9699
   0.9807
   0.9841
   0.9944
   0.3652
   0.8689
   0.9157
   0.9561
   0.9670
   0.9755
   0.9878
   0.1457
   0.8210
   0.8292
   0.9702
   0.9756
   0.9933
   0.9952
   0.4699
   0.9361
   0.9392
   0.9594
   0.9824
   0.9865
   0.9926
   0.3844
   0.8053
   0.8130
   0.9144
   0.9533
   0.9684
   0.9874
   0.2410
   0.8465
   0.9326
   0.9491
   0.9743
   0.9815
   0.9893
   0.2906
   0.9165
   0.9199
   0.9737
   0.9833
   0.9890
   0.9904
   0.2000
   0.7620
   0.8469
   0.8545
   0.9705
   0.9741
   0.9934
   0.2695
   0.7988
   0.8672
   0.9383
   0.9601
   0.9758
   0.9869
   0.1181
   0.8973
   0.9067
   0.9466
   0.9705
   0.9720
   0.9874
   0.2644
   0.8143
   0.8536
   0.9349
   0.9667
   0.9829
   0.9856
   0.1499
   0.8746
   0.9350
   0.9802
   0.9870
   0.9948
   0.9957
   0.2603
   0.8430
   0.8856
   0.9452
   0.9659
   0.9860
   0.9893
   0.1921
   0.7965
   0.8025
   0.9235
   0.9709
   0.9905
   0.9923
   0.1273
   0.8509
   0.9166
   0.9528
   0.9736
   0.9868
   0.9927