0.0000
87.148
130.577
175.614
222.567
228.450
264.389
0.0000
99.843
102.947
199.292
204.585
245.673
276.610
0.0000
92.891
121.810
212.687
230.820
278.523
302.650
0.0000
131.836
180.116
205.358
217.860
268.595
286.721
0.0000
95.235
116.182
186.787
201.137
277.718
292.493
0.0000
113.976
133.551
202.757
257.680
276.377
328.184
0.0000
103.214
107.486
174.175
199.893
247.788
282.115
0.0000
89.219
88.950
204.323
209.129
288.898
301.859
0.0000
80.459
89.526
119.075
168.250
179.060
252.483
0.0000
109.141
112.673
197.835
217.465
275.501
297.249
0.0000
110.572
161.712
206.932
214.836
226.993
306.837
0.0000
95.883
140.297
179.802
219.296
245.984
286.220
0.0000
107.893
110.443
203.323
207.903
300.068
310.192
0.0000
122.075
141.247
174.339
238.036
257.617
299.231
0.0000
117.205
118.703
150.419
205.426
214.669
273.736
0.0000
105.255
170.311
200.039
259.097
269.399
326.004
0.0000
143.122
153.166
219.062
253.550
280.291
289.702
0.0000
87.494
116.371
119.739
205.904
208.965
292.052
0.0000
100.744
120.407
177.517
199.661
251.009
283.023
0.0000
149.523
152.100
182.375
235.311
236.060
290.144
0.0000
107.598
138.030
192.509
215.782
277.874
289.684
0.0000
90.509
130.200
215.575
245.683
288.813
304.191
0.0000
99.402
119.088
177.541
228.359
258.253
291.928
0.0000
77.967
76.977
134.186
193.313
270.691
294.010
0.0000
125.281
163.227
216.260
261.504
308.027
347.446
