145.723
225.145
253.047
293.695
320.569
338.377
361.705
146.762
228.662
231.286
303.522
315.720
357.953
372.038
143.312
214.631
241.709
298.175
316.802
348.659
368.263
108.822
216.994
246.279
276.252
290.912
324.655
346.367
126.643
207.540
227.509
285.696
302.803
352.880
365.323
120.678
225.387
258.426
294.509
347.811
360.442
405.481
127.277
212.429
218.781
279.851
307.093
342.869
370.601
138.259
212.144
212.017
293.639
311.428
351.517
369.245
142.765
223.752
237.026
269.714
314.026
329.994
378.748
135.234
221.231
224.278
295.389
309.335
348.203
365.244
122.552
206.787
235.274
272.494
286.189
302.376
342.521
123.285
214.223
252.639
281.842
313.559
332.391
363.598
134.902
215.740
217.832
290.040
301.018
351.518
364.395
130.732
243.111
261.542
291.631
340.018
372.111
399.125
114.859
226.854
232.035
260.203
300.969
314.882
358.970
129.353
203.635
259.155
280.543
313.965
331.648
362.056
139.032
243.840
253.044
315.002
350.094
368.921
386.142
127.275
210.920
236.910
240.951
308.355
316.920
364.258
121.747
226.019
239.040
288.303
303.707
327.134
357.133
109.806
213.301
216.419
244.189
281.513
284.497
325.088
123.402
216.200
237.101
284.358
314.394
342.434
353.550
125.787
198.107
220.894
286.511
308.277
347.690
354.672
132.763
211.049
223.955
281.566
306.777
337.972
359.155
141.749
203.728
203.696
240.903
299.140
347.547
362.376
102.325
206.935
230.257
282.996
307.695
344.756
367.382