85.008
164.430
192.332
232.980
259.854
277.662
300.990
97.030
178.930
181.555
253.790
265.988
308.221
322.306
87.145
158.463
185.542
242.008
260.634
292.492
312.096
53.463
161.635
190.920
220.893
235.553
269.296
291.008
69.820
150.716
170.686
228.872
245.980
296.057
308.500
86.453
191.162
224.201
260.284
313.586
326.218
371.256
62.612
147.763
154.115
215.185
242.428
278.204
305.935
79.095
152.979
152.852
234.475
252.264
292.353
310.080
73.700
154.688
167.961
200.649
244.961
260.929
309.684
69.197
155.194
158.241
229.352
243.298
282.166
299.207
63.994
148.229
176.716
213.937
227.632
243.818
283.963
58.990
149.928
188.345
217.547
249.264
268.096
299.303
60.306
141.144
143.236
215.444
226.422
276.922
289.799
103.508
215.887
234.318
264.406
312.793
344.886
371.901
68.703
180.698
185.879
214.046
254.813
268.725
312.814
50.186
124.468
179.988
201.376
234.798
252.481
282.889
97.075
201.882
211.086
273.044
308.137
326.963
344.184
70.626
154.272
180.261
184.302
251.706
260.272
307.609
62.082
166.354
179.375
228.639
244.042
267.469
297.468
32.837
136.332
139.450
167.220
204.544
207.528
248.119
70.138
162.935
183.836
231.093
261.129
289.169
300.285
71.218
143.539
166.326
231.942
253.709
293.121
300.104
69.190
147.476
160.382
217.993
243.204
274.399
295.582
77.187
139.166
139.135
176.342
234.578
282.985
297.815
56.947
161.556
184.878
237.618
262.317
299.377
322.004