   0.2899
   0.3932
   0.6271
   0.7527
   0.8382
   0.8841
   0.9225
   0.4155
   0.5222
   0.6695
   0.7472
   0.8105
   0.8823
   0.9158
   0.5261
   0.6366
   0.7731
   0.8388
   0.8388
   0.9313
   0.9586
   0.3617
   0.4737
   0.5797
   0.6833
   0.7469
   0.8136
   0.8727
   0.4543
   0.6179
   0.7340
   0.8070
   0.9063
   0.9449
   0.9692
   0.4819
   0.6945
   0.8348
   0.9051
   0.9368
   0.9627
   0.9775
   0.2970
   0.3807
   0.4633
   0.5850
   0.7195
   0.8253
   0.9012
   0.7593
   0.8842
   0.9293
   0.9593
   0.9754
   0.9854
   0.9910
   0.1341
   0.1968
   0.2963
   0.4180
   0.5612
   0.7116
   0.7988
   0.3581
   0.5400
   0.6702
   0.7803
   0.8449
   0.8931
   0.9272
   0.6617
   0.7921
   0.8612
   0.9047
   0.9407
   0.9650
   0.9784
   0.3461
   0.4526
   0.5351
   0.6394
   0.7535
   0.8221
   0.8842
   0.6517
   0.7813
   0.8483
   0.9017
   0.9380
   0.9562
   0.9725
   0.1989
   0.2837
   0.3526
   0.4312
   0.5625
   0.6982
   0.8403
   0.2109
   0.3508
   0.5225
   0.6078
   0.7594
   0.8329
   0.9066
   0.4544
   0.5639
   0.6703
   0.7634
   0.8251
   0.8845
   0.9341
   0.3736
   0.4405
   0.5578
   0.6622
   0.7501
   0.8286
   0.8920
   0.4072
   0.6915
   0.8001
   0.8861
   0.9289
   0.9515
   0.9702
   0.3894
   0.5719
   0.6517
   0.7363
   0.8084
   0.8570
   0.9080
   0.3645
   0.5218
   0.6366
   0.7049
   0.7733
   0.8271
   0.8865
   0.4365
   0.6222
   0.7227
   0.8203
   0.8843
   0.9192
   0.9486
   0.7234
   0.8554
   0.9162
   0.9414
   0.9624
   0.9726
   0.9792
   0.4651
   0.6479
   0.7423
   0.8082
   0.8639
   0.9027
   0.9304
   0.5274
   0.7268
   0.8147
   0.8938
   0.9273
   0.9532
   0.9717
   0.4597
   0.6403
   0.6989
   0.7997
   0.8660
   0.9177
   0.9450