   -0.0000
   0.3793
   0.4577
   0.6130
   0.7149
   0.7656
   0.8376
   0.0351
   0.5070
   0.5274
   0.6555
   0.6819
   0.7294
   0.7807
   -0.0000
   0.5485
   0.6049
   0.7335
   0.7980
   0.8515
   0.9015
   -0.0000
   0.3603
   0.4749
   0.5671
   0.6466
   0.7239
   0.7807
   -0.0000
   0.4614
   0.5742
   0.7282
   0.8146
   0.8849
   0.9227
   -0.0000
   0.3601
   0.5446
   0.6113
   0.8692
   0.8859
   0.9573
   -0.0000
   0.3665
   0.3855
   0.5005
   0.5753
   0.6321
   0.7248
   -0.0000
   0.7079
   0.7098
   0.9271
   0.9518
   0.9768
   0.9840
   0.0001
   0.1901
   0.2080
   0.2735
   0.3890
   0.4238
   0.5847
   -0.0000
   0.4424
   0.4580
   0.6070
   0.6665
   0.6953
   0.7703
   0.0062
   0.6889
   0.8033
   0.8420
   0.8762
   0.8976
   0.9496
   0.0001
   0.3656
   0.4516
   0.5200
   0.5670
   0.6050
   0.6702
   -0.0000
   0.5795
   0.5958
   0.8273
   0.8532
   0.9261
   0.9402
   0.0097
   0.2764
   0.3096
   0.3691
   0.4362
   0.4609
   0.5098
   0.0394
   0.2367
   0.2706
   0.4202
   0.4829
   0.5327
   0.6446
   0.0000
   0.4483
   0.5809
   0.6196
   0.7146
   0.7453
   0.8141
   0.0003
   0.3673
   0.4215
   0.5647
   0.6217
   0.6857
   0.6999
   0.0000
   0.5027
   0.6691
   0.6957
   0.8810
   0.8955
   0.9531
   -0.0000
   0.4057
   0.4959
   0.6637
   0.7293
   0.7892
   0.8545
   0.0002
   0.4604
   0.4773
   0.5865
   0.6325
   0.6384
   0.7428
   -0.0000
   0.4060
   0.4830
   0.6637
   0.7735
   0.8479
   0.8603
   -0.0000
   0.6868
   0.7855
   0.8721
   0.9059
   0.9467
   0.9508
   0.0001
   0.5122
   0.6014
   0.6651
   0.7489
   0.8441
   0.8574
   -0.0000
   0.4920
   0.5325
   0.7194
   0.7811
   0.8939
   0.9051
   0.0001
   0.4447
   0.5804
   0.6742
   0.7581
   0.8325
   0.8791