   0.0000
   0.2259
   0.2738
   0.4102
   0.4749
   0.5486
   0.6213
   0.0000
   0.3019
   0.3131
   0.4861
   0.5345
   0.6478
   0.6873
   0.0000
   0.2868
   0.3378
   0.4746
   0.5383
   0.6335
   0.6946
   0.0000
   0.2468
   0.3332
   0.4066
   0.4664
   0.5491
   0.6127
   0.0000
   0.2265
   0.3051
   0.4344
   0.5141
   0.6403
   0.6865
   0.0000
   0.1958
   0.2962
   0.3501
   0.5599
   0.5952
   0.7623
   0.0000
   0.3008
   0.3173
   0.4663
   0.5270
   0.6321
   0.6913
   0.0000
   0.2741
   0.2749
   0.5093
   0.5906
   0.6775
   0.7355
   0.0000
   0.2070
   0.2343
   0.3424
   0.4641
   0.5444
   0.6551
   0.0000
   0.2926
   0.2998
   0.5097
   0.5454
   0.6557
   0.6955
   0.0000
   0.2789
   0.3790
   0.4573
   0.5062
   0.5641
   0.6606
   0.0000
   0.2412
   0.3534
   0.4231
   0.5153
   0.5715
   0.6479
   0.0000
   0.2548
   0.2719
   0.4783
   0.5328
   0.6624
   0.7072
   0.0000
   0.3366
   0.4000
   0.5031
   0.5859
   0.6827
   0.7434
   0.0000
   0.1770
   0.2092
   0.3287
   0.4211
   0.4963
   0.6104
   0.0000
   0.2506
   0.3760
   0.4292
   0.5225
   0.5846
   0.6618
   0.0000
   0.3009
   0.3510
   0.5338
   0.6278
   0.6744
   0.7357
   0.0000
   0.2051
   0.3212
   0.3505
   0.5304
   0.5648
   0.6862
   0.0000
   0.2108
   0.2579
   0.4197
   0.4603
   0.5414
   0.6360
   0.0000
   0.2964
   0.3156
   0.4152
   0.4897
   0.5017
   0.6156
   0.0000
   0.2246
   0.2913
   0.3990
   0.5094
   0.5863
   0.6139
   0.0000
   0.3170
   0.4015
   0.5122
   0.5844
   0.6855
   0.6998
   0.0000
   0.2903
   0.3740
   0.4280
   0.4964
   0.6164
   0.6472
   0.0000
   0.2524
   0.2655
   0.3995
   0.4987
   0.6457
   0.6770
   0.0000
   0.2694
   0.3692
   0.4698
   0.5477
   0.6452
   0.7107