15.584
118.523
156.567
209.199
253.039
270.331
314.888
40.715
148.641
151.978
252.855
265.755
340.962
371.448
43.620
133.813
157.845
254.312
281.132
336.284
376.508
39.676
169.358
214.651
248.154
267.774
316.752
350.494
36.332
135.168
156.136
241.602
268.464
352.660
379.416
33.176
155.311
182.915
245.301
319.596
340.145
421.287
49.849
155.582
159.914
239.738
276.601
333.221
386.777
61.088
148.025
147.635
268.805
284.516
366.989
397.589
59.866
150.724
164.046
192.384
249.430
265.242
345.682
62.712
157.793
159.310
265.194
281.853
357.871
384.324
45.256
159.341
212.182
257.305
277.345
294.469
378.067
60.395
169.786
224.952
263.335
308.128
329.105
392.822
64.074
153.619
156.330
267.086
276.965
372.151
395.852
22.751
147.554
165.007
215.767
283.485
328.648
379.847
11.845
152.109
156.697
195.795
252.718
269.714
342.350
59.162
148.713
221.574
248.571
296.498
318.565
375.197
37.860
175.063
189.457
267.478
325.527
358.919
380.025
47.754
152.911
195.443
198.116
282.386
290.121
371.568
56.118
174.478
189.854
248.126
273.156
313.291
356.555
104.309
217.170
218.639
253.208
312.188
314.375
389.512
14.368
140.724
181.392
231.171
266.528
322.598
343.014
40.117
133.799
181.197
267.444
304.828
376.969
397.242
25.001
137.360
163.344
224.210
268.208
312.413
366.676
36.936
115.332
114.427
174.233
245.431
336.431
366.232
37.633
170.350
208.627
272.803
317.131
379.152
418.717