88.523
176.715
212.772
265.281
313.354
325.395
364.614
106.202
199.128
202.981
304.661
311.676
372.300
401.370
94.553
173.228
207.674
295.814
323.118
371.168
401.538
56.180
175.910
211.513
248.164
261.469
315.473
338.823
75.280
165.197
189.488
268.515
290.304
372.072
391.295
89.733
207.844
241.280
297.664
368.945
388.186
456.843
68.330
159.396
166.561
238.200
273.064
322.908
364.290
90.266
177.369
176.898
296.404
303.194
387.125
403.219
76.906
163.450
178.949
216.810
267.344
282.895
356.343
78.374
175.723
180.535
268.915
291.573
350.402
374.207
74.086
172.621
205.768
267.576
278.515
296.046
370.475
65.212
169.668
212.148
253.672
295.253
318.871
368.446
68.464
164.093
165.583
267.121
271.502
364.417
377.153
107.423
230.442
250.966
281.022
357.810
384.387
434.197
71.244
194.929
200.779
233.416
290.482
300.865
367.912
55.615
139.080
202.512
234.424
286.689
299.635
362.442
100.399
226.694
238.680
302.482
355.655
382.366
397.464
75.969
173.557
201.779
205.393
297.966
301.640
397.640
66.696
186.698
207.471
264.539
293.932
338.943
376.158
39.332
162.333
163.762
193.031
246.111
247.619
304.350
73.885
176.403
200.984
271.095
299.304
357.859
376.434
83.599
164.194
187.848
288.547
315.841
369.024
385.344
73.285
158.456
171.027
247.538
288.410
319.330
366.359
84.277
154.199
153.209
195.374
274.371
350.233
376.136
59.759
177.025
202.899
270.747
305.651
363.592
398.949