5.08333
4.75000
4.00000
3.22222
2.19444
5.91429
5.58333
3.76471
3.75676
2.85714
4.97436
4.10000
3.84615
3.82500
3.61538
4.69048
4.07500
3.52381
3.14286
2.95238
5.27500
5.26829
4.53846
4.05128
3.14634
5.32432
5.11429
4.40541
3.14286
2.68571
5.58140
5.19048
4.31818
3.62222
2.83721
5.50000
4.64516
4.16667
3.45161
2.38710
4.87879
4.75000
4.12903
3.66667
2.70968
5.54054
5.02564
4.46154
4.00000
3.05263
5.56757
4.80000
4.52778
3.94118
2.75676
4.69444
4.39474
4.18421
3.18919
3.02778
5.72500
5.31707
4.64286
3.41463
2.82927
5.72222
5.44444
4.27778
3.61111
2.91892
4.81395
3.93023
3.61364
2.91111
2.44444
5.47500
4.75000
4.35000
3.66667
3.10256
5.71795
4.65789
3.89744
3.20513
2.47368
5.57143
4.92857
4.21429
3.40476
3.00000
5.37838
4.67568
3.88889
3.19444
2.60526
5.28205
4.72973
4.47368
3.73684
3.28205
5.02439
4.45000
4.16667
3.59524
3.16667
5.58974
5.08108
4.57895
3.89474
2.74359
4.97059
3.84848
3.68571
3.44118
2.78788
5.52778
4.57143
4.08824
2.88571
2.44444
3.50000
3.14286
3.03030
2.71429
2.74286
