   0.7374
   0.8975
   0.9527
   0.9703
   0.9840
   0.9912
   0.9952
   0.8834
   0.9231
   0.9639
   0.9811
   0.9910
   0.9948
   0.9966
   0.8859
   0.9248
   0.9714
   0.9798
   0.9881
   0.9942
   0.9966
   0.8530
   0.9064
   0.9352
   0.9490
   0.9720
   0.9832
   0.9901
   0.8221
   0.9008
   0.9503
   0.9807
   0.9893
   0.9948
   0.9972
   0.8048
   0.9119
   0.9665
   0.9857
   0.9934
   0.9960
   0.9976
   0.8281
   0.8891
   0.9380
   0.9692
   0.9819
   0.9917
   0.9959
   0.9153
   0.9696
   0.9840
   0.9922
   0.9956
   0.9976
   0.9985
   0.7524
   0.8465
   0.8953
   0.9447
   0.9688
   0.9873
   0.9930
   0.9068
   0.9541
   0.9721
   0.9783
   0.9910
   0.9955
   0.9975
   0.9050
   0.9424
   0.9683
   0.9833
   0.9912
   0.9949
   0.9968
   0.8517
   0.8949
   0.9457
   0.9719
   0.9823
   0.9898
   0.9949
   0.9072
   0.9589
   0.9784
   0.9882
   0.9929
   0.9960
   0.9977
   0.9116
   0.9359
   0.9657
   0.9829
   0.9885
   0.9945
   0.9970
   0.8567
   0.9072
   0.9486
   0.9700
   0.9846
   0.9909
   0.9948
   0.8383
   0.9108
   0.9503
   0.9683
   0.9810
   0.9904
   0.9942
   0.8778
   0.9551
   0.9744
   0.9827
   0.9908
   0.9949
   0.9969
   0.7332
   0.9007
   0.9543
   0.9724
   0.9862
   0.9930
   0.9961
   0.8025
   0.8636
   0.9387
   0.9564
   0.9758
   0.9863
   0.9925
   0.8179
   0.9378
   0.9504
   0.9724
   0.9822
   0.9896
   0.9934
   0.8461
   0.9260
   0.9460
   0.9725
   0.9862
   0.9919
   0.9954
   0.9216
   0.9767
   0.9875
   0.9919
   0.9955
   0.9972
   0.9982
   0.8582
   0.8949
   0.9504
   0.9754
   0.9885
   0.9942
   0.9968
   0.8933
   0.9377
   0.9625
   0.9829
   0.9917
   0.9959
   0.9975
   0.8644
   0.9284
   0.9642
   0.9758
   0.9863
   0.9932
   0.9960