85.139
149.462
184.170
226.304
258.205
288.644
314.987
113.407
143.829
185.060
218.211
255.750
272.756
287.197
137.893
160.484
212.571
236.144
265.912
292.805
315.288
146.874
188.322
207.917
238.873
269.357
305.431
333.981
114.950
155.567
195.977
245.676
274.750
309.036
341.525
126.802
190.613
248.285
275.446
298.405
319.218
341.840
84.246
126.506
185.161
229.111
268.999
304.416
334.336
129.112
166.821
208.086
245.239
271.758
303.043
321.759
59.395
97.647
133.444
186.193
226.763
275.831
305.955
116.829
168.450
217.807
239.457
288.037
326.860
354.357
140.153
164.009
208.563
257.614
287.539
313.928
333.249
91.344
127.010
186.896
238.804
265.851
295.681
324.299
154.044
201.998
235.094
271.433
300.435
327.150
345.713
131.257
162.627
205.615
251.565
278.395
311.005
334.788
129.767
171.344
205.079
234.577
276.034
302.781
330.641
106.937
171.142
212.615
243.152
276.646
319.289
348.043
120.671
181.361
215.363
240.927
279.822
309.892
338.013
88.530
152.178
185.756
206.925
250.108
287.000
312.366
90.637
133.577
185.695
211.400
240.939
274.819
305.551
114.991
183.363
207.545
246.031
275.731
314.529
336.265
130.762
174.602
203.248
248.203
271.589
294.721
326.080
152.852
222.207
238.654
266.004
292.835
316.949
342.865
123.265
145.026
180.318
229.139
277.112
307.446
333.941
142.937
165.164
207.943
252.191
274.918
306.814
328.370
155.055
200.931
251.443
276.248
303.472
339.590
362.228