216.526
263.201
302.760
327.981
352.703
379.034
401.264
235.876
262.789
298.958
325.612
357.295
379.201
399.470
241.273
263.280
301.924
321.099
345.346
372.748
394.478
221.741
252.178
272.544
293.989
320.089
344.869
367.981
226.983
257.412
289.246
328.487
352.796
378.696
402.230
245.194
281.167
324.767
356.787
387.235
406.802
426.371
195.284
237.637
287.764
323.253
352.455
381.130
406.290
232.964
274.364
295.752
324.504
347.556
372.329
392.458
201.557
248.999
280.665
322.918
351.754
385.989
407.912
213.205
266.518
298.970
322.100
355.365
382.473
405.380
213.075
235.596
263.383
290.330
316.741
337.682
357.089
197.773
239.225
283.197
319.389
343.478
366.279
387.436
239.711
273.375
300.067
325.566
348.169
370.964
390.464
238.579
264.881
304.296
346.780
376.721
401.308
425.635
234.214
259.556
293.382
318.178
350.784
372.148
395.747
206.958
254.725
285.448
308.287
332.279
358.893
381.247
232.187
281.957
314.082
340.951
373.350
403.387
427.008
213.193
254.691
284.813
307.277
335.124
359.429
381.963
222.995
259.929
291.965
312.220
334.557
358.922
380.193
183.210
236.584
250.481
280.949
302.142
325.361
345.801
232.351
274.001
288.911
321.224
344.160
365.540
389.099
228.570
284.765
307.006
330.067
353.154
373.213
390.773
228.744
251.324
282.373
313.140
345.310
371.518
395.104
240.621
260.606
290.240
320.125
345.462
371.313
392.741
219.676
257.874
292.877
312.399
337.136
362.719
384.333