155.811
202.486
242.045
267.266
291.988
318.319
340.549
186.144
213.057
249.227
275.880
307.563
329.470
349.738
185.105
207.113
245.757
264.932
289.179
316.581
338.311
166.383
196.819
217.185
238.630
264.730
289.510
312.623
170.160
200.589
232.423
271.664
295.972
321.873
345.407
210.969
246.942
290.542
322.562
353.010
372.577
392.146
130.618
172.972
223.098
258.587
287.789
316.464
341.625
173.800
215.200
236.588
265.340
288.392
313.164
333.293
132.492
179.935
211.600
253.853
282.689
316.924
338.847
147.168
200.480
232.933
256.063
289.328
316.436
339.343
154.517
177.039
204.825
231.773
258.184
279.125
298.532
133.478
174.930
218.902
255.094
279.183
301.984
323.141
165.115
198.779
225.471
250.970
273.573
296.368
315.868
211.355
237.657
277.072
319.555
349.497
374.084
398.411
188.058
213.400
247.226
272.022
304.627
325.992
349.590
127.791
175.558
206.281
229.120
253.112
279.726
302.080
190.229
239.999
272.124
298.994
331.392
361.429
385.050
156.545
198.042
228.164
250.629
278.475
302.780
325.314
163.330
200.264
232.300
252.555
274.892
299.258
320.528
106.241
159.615
173.512
203.980
225.172
248.391
268.832
179.086
220.736
235.647
267.959
290.895
312.275
335.834
174.002
230.196
252.438
275.499
298.586
318.644
336.204
165.171
187.751
218.800
249.567
281.737
307.945
331.531
176.060
196.044
225.678
255.563
280.900
306.751
328.180
174.298
212.495
247.499
267.021
291.758
317.341
338.955