   0.6253
   0.7427
   0.8370
   0.8804
   0.9166
   0.9488
   0.9679
   0.7726
   0.8246
   0.8927
   0.9301
   0.9611
   0.9754
   0.9835
   0.7480
   0.8038
   0.8888
   0.9156
   0.9450
   0.9669
   0.9800
   0.6714
   0.7383
   0.7885
   0.8254
   0.8827
   0.9165
   0.9442
   0.6651
   0.7729
   0.8375
   0.9111
   0.9434
   0.9678
   0.9805
   0.6641
   0.7769
   0.8797
   0.9372
   0.9686
   0.9786
   0.9858
   0.7444
   0.8087
   0.8716
   0.9155
   0.9431
   0.9658
   0.9793
   0.7695
   0.9019
   0.9313
   0.9595
   0.9751
   0.9849
   0.9903
   0.8135
   0.8489
   0.8770
   0.9079
   0.9285
   0.9596
   0.9728
   0.7853
   0.8844
   0.9175
   0.9413
   0.9635
   0.9779
   0.9863
   0.7490
   0.7985
   0.8691
   0.9156
   0.9500
   0.9684
   0.9798
   0.7364
   0.7935
   0.8769
   0.9219
   0.9454
   0.9631
   0.9767
   0.7453
   0.8561
   0.9060
   0.9410
   0.9609
   0.9750
   0.9841
   0.8385
   0.8693
   0.9081
   0.9481
   0.9694
   0.9805
   0.9883
   0.7310
   0.7816
   0.8622
   0.8957
   0.9330
   0.9582
   0.9724
   0.6456
   0.7697
   0.8545
   0.8890
   0.9230
   0.9533
   0.9690
   0.7706
   0.8699
   0.9136
   0.9378
   0.9629
   0.9770
   0.9849
   0.5866
   0.7536
   0.8458
   0.9005
   0.9397
   0.9628
   0.9771
   0.7543
   0.8235
   0.8676
   0.8965
   0.9280
   0.9505
   0.9673
   0.6292
   0.7863
   0.8147
   0.8722
   0.9003
   0.9314
   0.9538
   0.6830
   0.7908
   0.8306
   0.8886
   0.9348
   0.9575
   0.9728
   0.7598
   0.8945
   0.9386
   0.9574
   0.9741
   0.9825
   0.9875
   0.6851
   0.7322
   0.8264
   0.8984
   0.9397
   0.9650
   0.9780
   0.7481
   0.7935
   0.8549
   0.9123
   0.9504
   0.9723
   0.9823
   0.6825
   0.7902
   0.8523
   0.8858
   0.9260
   0.9535
   0.9701
