   0.1518
   0.2952
   0.4418
   0.5246
   0.6034
   0.6862
   0.7530
   0.2668
   0.3434
   0.4645
   0.5479
   0.6494
   0.7205
   0.7766
   0.3040
   0.3742
   0.4930
   0.5554
   0.6326
   0.7091
   0.7727
   0.2515
   0.3318
   0.3913
   0.4522
   0.5371
   0.6089
   0.6796
   0.2381
   0.3338
   0.4338
   0.5599
   0.6394
   0.7211
   0.7836
   0.1922
   0.3092
   0.4649
   0.6094
   0.7173
   0.7779
   0.8281
   0.2360
   0.3164
   0.4386
   0.5515
   0.6379
   0.7169
   0.7842
   0.2974
   0.4470
   0.5155
   0.5981
   0.6735
   0.7389
   0.7910
   0.1449
   0.2374
   0.3391
   0.4612
   0.5485
   0.6603
   0.7305
   0.2588
   0.4236
   0.5026
   0.5876
   0.6749
   0.7402
   0.7981
   0.2882
   0.3469
   0.4258
   0.5055
   0.5864
   0.6475
   0.7040
   0.2183
   0.2876
   0.4156
   0.5133
   0.5932
   0.6573
   0.7199
   0.3050
   0.4277
   0.5120
   0.5906
   0.6593
   0.7261
   0.7777
   0.3143
   0.3832
   0.4652
   0.5833
   0.6721
   0.7394
   0.7989
   0.2086
   0.2791
   0.3908
   0.4702
   0.5767
   0.6457
   0.7230
   0.2511
   0.3221
   0.4278
   0.5028
   0.5709
   0.6550
   0.7201
   0.2615
   0.4161
   0.5050
   0.5923
   0.6925
   0.7722
   0.8312
   0.1836
   0.3083
   0.4142
   0.5011
   0.5909
   0.6716
   0.7377
   0.2154
   0.3191
   0.4173
   0.4870
   0.5642
   0.6393
   0.7077
   0.2084
   0.3658
   0.3946
   0.4872
   0.5527
   0.6169
   0.6757
   0.2288
   0.3664
   0.4157
   0.5200
   0.6238
   0.6975
   0.7600
   0.3209
   0.4899
   0.5731
   0.6417
   0.7116
   0.7638
   0.8035
   0.2485
   0.3114
   0.4188
   0.5318
   0.6441
   0.7321
   0.7918
   0.2831
   0.3654
   0.4519
   0.5561
   0.6504
   0.7314
   0.7870
   0.2811
   0.4004
   0.4841
   0.5524
   0.6308
   0.7003
   0.7602