113.161
173.607
218.080
253.840
295.346
339.510
377.195
157.596
198.332
239.236
284.817
336.067
370.223
412.079
175.159
202.845
263.375
288.438
327.195
377.887
422.152
178.973
215.354
244.289
273.448
312.483
352.529
391.176
169.531
207.416
251.995
310.846
349.670
400.229
449.453
173.250
229.969
292.623
333.430
378.637
411.410
451.316
147.486
192.806
258.919
308.576
353.296
412.642
463.482
185.165
236.400
270.086
317.374
354.441
399.476
442.047
130.345
172.698
210.925
263.641
303.851
360.691
399.956
174.398
240.007
281.205
318.317
372.828
428.861
481.510
176.624
210.299
247.101
292.073
334.042
370.246
406.115
171.068
209.910
263.998
316.317
354.448
393.036
440.813
201.489
244.905
286.165
327.388
364.931
407.882
450.213
145.707
182.766
235.842
297.233
341.440
388.188
436.621
170.662
202.693
247.204
278.386
332.162
364.220
407.401
156.170
209.868
247.308
280.543
319.981
364.357
403.659
151.243
220.245
272.576
306.771
361.753
420.055
447.553
158.282
211.882
250.575
276.229
322.563
362.137
399.961
169.014
208.569
255.700
279.164
310.543
351.689
387.758
180.559
245.681
267.734
312.048
349.267
397.577
440.538
164.800
218.227
239.570
283.595
317.129
352.912
398.762
192.538
272.817
299.867
339.425
381.956
430.572
483.450
157.624
184.598
228.064
271.856
325.572
373.573
423.745
178.918
203.336
247.391
292.671
331.468
384.969
427.084
190.114
240.494
296.056
325.913
368.163
418.196
445.162