169.060
227.746
273.148
312.348
348.700
389.138
422.783
216.818
251.468
297.631
332.536
375.977
399.533
423.388
221.028
246.241
300.882
322.721
356.460
391.551
419.469
184.278
225.355
247.598
280.974
313.214
348.815
382.881
198.280
236.415
281.368
336.145
369.433
407.414
442.466
232.706
290.453
349.819
382.529
417.175
445.573
474.082
146.846
194.118
258.713
306.262
346.346
387.199
422.884
221.535
261.788
300.665
345.072
372.585
409.945
436.709
139.325
193.874
230.225
282.674
324.585
373.916
407.658
172.641
233.241
285.015
310.028
361.898
404.757
436.710
185.492
219.516
261.415
309.345
341.434
371.961
395.250
152.821
202.925
260.708
311.940
342.988
375.810
409.265
208.629
248.409
287.618
326.897
357.761
388.692
415.014
229.158
261.441
317.464
371.688
404.409
440.873
472.217
206.978
238.144
283.632
316.553
366.254
393.901
430.298
145.124
205.641
241.399
270.511
309.710
352.027
383.635
210.372
268.823
311.259
340.473
384.692
428.667
460.207
181.693
241.288
281.608
306.885
351.877
393.513
424.579
180.083
224.748
273.732
299.200
330.157
369.741
401.479
129.200
194.545
215.931
254.400
282.976
322.270
347.579
204.947
254.212
281.213
324.642
352.181
381.371
417.158
224.425
294.732
311.988
342.278
372.139
400.326
429.099
184.445
210.284
251.546
294.951
340.414
373.848
406.857
211.990
238.015
276.196
319.188
347.137
384.212
410.069
199.992
243.445
297.754
325.471
354.193
395.623
422.942