5.08333
4.75000
4.00000
3.22222
2.19444
5.91429
5.58333
3.76471
3.75676
2.85714
4.97436
4.10000
3.84615
3.82500
3.61538
4.69048
4.07500
3.52381
3.14286
2.95238
5.27500
5.26829
4.53846
4.05128
3.14634
5.32432
5.11429
4.40541
3.14286
2.68571
5.58140
5.19048
4.31818
3.62222
2.83721
5.50000
4.64516
4.16667
3.45161
2.38710
4.87879
4.75000
4.12903
3.66667
2.70968
5.54054
5.02564
4.46154
4.00000
3.05263
5.56757
4.80000
4.52778
3.94118
2.75676
4.69444
4.39474
4.18421
3.18919
3.02778
5.72500
5.31707
4.64286
3.41463
2.82927
5.72222
5.44444
4.27778
3.61111
2.91892
4.81395
3.93023
3.61364
2.91111
2.44444
5.47500
4.75000
4.35000
3.66667
3.10256
5.71795
4.65789
3.89744
3.20513
2.47368
5.57143
4.92857
4.21429
3.40476
3.00000
5.37838
4.67568
3.88889
3.19444
2.60526
5.28205
4.72973
4.47368
3.73684
3.28205
5.02439
4.45000
4.16667
3.59524
3.16667
5.58974
5.08108
4.57895
3.89474
2.74359
4.97059
3.84848
3.68571
3.44118
2.78788
5.52778
4.57143
4.08824
2.88571
2.44444
3.50000
3.14286
3.03030
2.71429
2.74286
8.04708944	
6.910422245	
6.003881017	
6.600773729	
7.296702236
2.565194785	
2.369001616
2.553683006	
2.962440134	
2.948253582
8.65203237	
8.212606642	
7.023189299	
7.753239763	
8.653799868
4.139064973	
4.352063794	
4.137771715	
3.888176296	
4.42555647
0.812237684	
0.372218675	
0	
0.69426094	
0.466988261
6.541809335	
6.253388347	
5.491771539	
6.541549928	
7.111769378
2.050577916	
1.228585898	
1.783794773	
2.126202465	
1.445947856
7.353787209	
6.867536961	
6.559381325	
7.274996012	
6.857899458
2.621375485	
2.077816277	
2.224984599	
2.673054514	
2.938205498
8.788485934	
7.638135245	
6.79500132	
7.605048195	
7.263743905
5.069419421	
3.901199856	
4.428253982	
4.956917884	
3.846633995
0.543089139	
0.416412959	
0	
0.677992135	
0.431478704
6.377484672	
6.281270055	
5.129371645	
6.046839442	
7.057057922
1.878304661	
1.217947731	
1.683701487	
0.99890825	
1.357238479
6.756547208	
6.650286138	
5.965994896	
7.179470109
2.122824967	
2.680381112	
2.065968494	
1.447731111	
1.853335877
8.460331691	
8.060848928	
7.363715568	
8.389073655	
8.559181601
3.027546	
2.825990649	
2.452459738	
2.159836886	
3.719826788
0.262244244	
0.479067754	
0	
0.407155241	
0.374795382
5.532487134	
4.16750515	
4.833120655	
5.314414889	
5.725234604
1.074212592	
1.00733424	
1.639056587	
0.974277835	
0.867647856
6.617087355	
6.430527099	
5.065625275	
6.395389947	
6.790615201
2.110324794	
1.667783347	
1.927202323	
2.212901681	
1.960785964
8.73	
7.643379387	
6.430027282	
7.340014272	
8.384153424
2.996459466	
2.888510208	
3.074848191	
3.149142505	
2.98276507
0.656072493	
0.293872883	
0	
0.559372076	
0.364607408
4.811870663	
4.320285711	
4.684189915	
4.860225527	
4.760770173
1.171910901	
1.295131594	
1.228553199	
1.528471814	
1.492890338
8.120384968	
7.893071598	
7.899744786	
7.819863814	
8.436069966
2.0166583	
1.726860472	
1.614886034	
2.305818396	
2.594161835
8.71900124	
8.034719805	
8.471812021	
8.344827593	
8.761548259
3.874654782	
3.839444065	
3.595155329	
5.049515153	
4.381094949
0.144021247	
0.797418675	
0	
0.435937604	
0.632566875
6.276889916	
5.649460357	
5.803810613	
6.356193056	
6.720620027
1.430945916	
1.02426736	
1.39143712	
1.614412436	
0.83215874
7.525223589	
6.9041992	
7.303876617	
6.805852057	
7.248491806
2.929106078	
2.936879773	
2.429226437	
2.564179575	
2.343340738
8.332303182	
7.745911589	
8.161357036	
8.125696604	
8.016552127
5.051416044	
4.162058303	
4.74838511	
3.823229471	
3.884873312
0.578654217	
0.759843228	
0	
0.685954318	
0.678974393
5.696673231	
6.263731186	
5.640161049	
6.945917099	
6.105758107
1.535644224	
1.307225686	
1.465955293	
1.555066355	
1.566213794
6.84414541	
6.664513664	
6.571618411	
6.550456399	
6.668287011
1.913057112	
2.897012131	
2.697610666	
3.211512184	
2.280275201
7.975780592	
7.445495033	
7.268466954	
7.48146661	
8.31756542
3.164339337	
3.421175097	
3.120417143	
4.251420808	
4.061762209
0.271890983	
0.542766554	
0	
0.43028835	
0.40219806
5.262889695	
4.904024574	
5.155825926	
6.043826234	
5.37428941
1.190367214	
1.475656408	
1.019395406	
1.121144891	
1.21110162
7.68951924	
8.113861177	
7.614719704	
8.073349117	
7.871873887
1.82172472	
1.932295219	
1.802252046	
1.528638302	
1.992972029
8.432228928	
8.430310666	
8.55	
8.771461958	
8.691370079
3.829343659	
3.037027305	
3.590791164	
3.950171654	
3.159974307
0.47637113	
0.427223204	
0	
0.595076507	
0.52847573
6.030740314	
6.412176671	
5.757631787	
6.63190026	
6.290620382
1.068627114	
0.962831459	
1.471512805	
0.828989103	
1.029129435
7.135164458	
7.481887689	
6.51839303	
6.104170377	
6.578208124
1.978644081	
2.518727693	
1.647980287	
2.078068002	
2.077554668
7.679538212	
8.399613282	
7.682487019	
7.454367472	
7.394010341
2.772468466	
3.591120928	
2.111342075	
3.872476665	
3.408077141
0.674889942	
0.468540705	
0	
0.416490644	
0.829169642
6.24036484	
6.029475778	
5.366060899	
5.349734859	
4.889669652
1.242006438	
1.513280386	
1.333248262	
1.355455799	
0.907433941
6.667143038	
7.342490543	
6.463411951	
7.587453058	
7.227389582
2.954018665	
3.219435648	
2.496946229	
2.998105606	
3.29793019
7.506295577	
7.669695088	
7.040727801	
7.744262198	
8.46
4.048905479	
5.285431558	
3.726317874	
4.649390851	
3.967913973
0.504709454	
0.153265721	
0	
0.55825079	
0.6804
5.556080753	
6.252855691	
5.58302825	
6.926302258	
5.672025522
1.473670199	
1.350463854	
1.925129807	
0.789645277	
1.428131756
6.824324663	
6.623443405	
6.157690751	
6.422293368	
7.050806334
2.231132322	
1.862441733	
2.424170554	
2.410104565	
1.985981391
8.296454189	
7.74	
7.783010649	
7.528801755	
8.176702201
3.076741856	
3.315276956	
3.499574056	
3.3575094	
3.40907585
0.321846494	
0.422502988	
0	
0.84508551	
0.454108214
4.746559091	
4.748975937	
4.779565256	
4.798880291	
5.445205363
1.140782076	
1.125802608	
1.435382381	
1.154167217	
1.29573504
6.65521055	
7.01217529	
6.169735105	
5.780330383	
5.511036431
2.683792486	
2.280030381	
2.089439409	
2.622543755	
1.870111429
7.350625612	
7.528846455	
7.319361084	
6.992828164	
7.001391513
3.540981311	
3.34614701	
3.100444425	
3.150663136	
3.310628189
1.040177505	
0.887201174	
0	
0.648841908	
0.481698688
4.945845208	
5.2142016	
4.235206372	
4.158475756	
4.711021917
1.254318536	
1.54717178	
1.26338995	
1.110185122	
1.198534568
7.806390359	
7.885563374	
7.124504972	
7.129813865	
7.182155475
2.386754222	
2.512027478	
1.785320778	
2.442671029	
2.917250829
8.093547479	
8.442152487	
7.383714688	
7.516571487	
8.20515341
2.786187579	
4.172665103	
4.454563056	
4.195210249	
3.910877733
0.422782756	
0.338997095	
0	
0.803177883	
0.421494177
5.989362423	
5.826921958	
5.669070668	
6.298625774	
6.679653825
1.354359753	
1.3176357	
1.470406583	
1.660050158	
1.25123679
6.933811843	
6.627410949	
6.367812197	
6.335565424	
7.105386523
1.649374243	
2.661118363	
1.75392942	
2.467405512	
2.583826625
7.67055572	
7.841830132	
7.489267799	
7.308272163	
7.614485333
2.957675055	
3.857477416	
2.877415295	
4.701367761	
4.679140223
0.176387056	
0.300919916	
0	
0.502009908	
0.320631986
5.066189119	
5.554633018	
5.304117751	
5.255849755	
5.595225271
1.349683176	
0.982785624	
1.048624483	
0.754682022	
1.231699539
7.121886733	
7.80714804	
6.782645428	
7.25683669	
6.572260588
2.877032972	
3.193573445	
3.301225029	
2.636452004	
2.688862822
8.309351871	
8.412200081	
7.28499164	
8.087802795	
8.367926251
4.227703425	
4.767272656	
4.246582769	
5.100476887	
3.925193084
1.111249926	
0.778798664	
0	
1.091478213	
0.44911595
5.21729307	
6.28483426	
5.309706944	
6.498542598	
4.963045487
1.753846228	
2.157799689	
1.430102086	
1.844232281	
1.261211736
6.383310907	
6.581322926	
6.743230661	
6.929649222	
5.84249803
2.591314622	
2.007908488	
2.456670774	
2.774674373	
2.359525433
7.649421923	
7.884383098	
7.155563672	
7.958856697	
6.802249019
3.883093116	
3.264700866	
3.705856728	
3.469297129	
4.069994287
0.711262884	
0.536786755	
0	
1.25491136	
0.268252021
4.754000189	
4.777090977	
5.195322538	
6.222145619	
4.831212162
1.204296196	
1.226449653	
1.282715832	
1.8241944	
1.641343677
7.047991045	
7.349723118	
6.403887178	
6.885904103	
7.234541509
3.245294636	
3.067993237	
1.266500044	
3.681757517	
2.976354749
7.726960722	
8.612335054	
7.410987415	
7.643136466	
8.077952405
4.96355067	
4.191645988	
4.318764411	
4.751263603	
4.456485447
0.15530854	
0.262465735	
0	
0.804785098	
0.394091499
6.405567949	
6.24551407	
6.117658189	
6.356845881	
5.589394629
1.766013988	
1.086411841	
1.493317786	
2.144752324	
1.611556172
7.987362337	
6.439973301	
6.529943677	
6.838194593	
7.948669986
1.935102697	
2.366353134	
1.903282584	
2.609880667	
1.63073316
7.461103101	
8.029194391	
7.891890346	
8.55	
8.768715835
3.298657264	
3.393623932	
1.564551615	
3.73547301	
3.663930744
0.3358042	
0.156136735	
0	
0.36234995	
0.575018027
5.603944651	
5.263217305	
5.415062043	
5.738492112	
6.406905541
1.704468071	
1.001699484	
1.446946229	
1.503065802	
1.192467263
7.497320591	
7.543008287	
5.839555575	
6.918109485	
6.189060661
1.609276494	
1.756277264	
1.907902843	
1.185264106	
1.721407695
8.038178252	
8.06150439	
7.132029394	
8.428337128	
7.167811061
3.391427559	
3.632937053	
2.473884538	
3.019463737	
3.295053514
0.186168174	
0.011368053	
0	
0.45	
0.388567145
5.251035005	
4.921603688	
3.398147496	
4.611160535	
4.855069696
0.693259218	
0.896220217	
1.400915251	
0.861504843	
0.934867918
6.397440953	
6.457252796	
4.616356596	
6.714379148	
7.152526704
1.774477726	
2.148982611	
1.977064156	
2.586395726	
2.473158123
8.094725861	
7.427776245	
6.941489923	
7.895442441	
8.087573156
3.261773074	
3.394670008	
3.101566488	
3.600983231	
3.544486895
0.884248308	
0.660405607	
0	
0.697433641	
0.836853659
5.120119865	
5.063878357	
3.021477603	
5.014423484	
5.141311242
1.438013898	
0.828591899	
1.757744434	
1.747785759	
1.330227045
7.733194715	
8.043109278	
6.593299305	
7.499757325	
6.441991277
2.132326356	
2.272112456	
1.828553199	
2.272373786	
2.138558912
8.337066362	
8.389764185	
7.030119687	
8.688700423	
7.25717006
4.308545851	
4.803279432	
2.887094077	
3.597454583	
3.80330628
0.400208169	
0.5985	
0	
0.698461094	
0.576686161
5.219486876	
5.796994261	
4.989087389	
5.342409892	
6.045645897
0.630673918	
0.615165394	
0.942242366	
0.902482995	
1.066560395
7.558863765	
7.203416542	
6.375653437	
6.431103174	
7.383839933
2.41311929	
2.148977729	
2.323607322	
2.172250654	
2.147113885
8.361776875	
7.915901511	
7.786186746	
7.567434703	
8.059157079
2.863832179	
3.61207323	
3.805839127	
3.972568435	
2.98044348
0.353774379	
0.828716629	
0	
1.027695212	
0.616161167
4.20389301	
5.326791523	
5.387921324	
4.673970514	
5.338713102
1.819982262	
1.326799743	
1.141401919	
1.274903514	
0.891142572
6.503804931	
7.569334789	
6.602999208	
5.591417553	
6.420833162
3.020881012	
2.750727749	
2.133371469	
3.343349277	
3.213625095
8.061985492	
8.388042376	
7.159275719	
7.302778818	
7.614955145
4.430627745	
4.685208188	
3.183329226	
3.569162207	
3.611847804
0.531946184	
0.36759123	
0	
1.122048958	
0.716812246
5.905318564	
5.324791697	
4.59090029	
4.922803559	
4.777142664
1.627925066	
1.476718907	
1.05232333	
1.85660128	
1.187545264
8.027690595	
6.741420102	
6.562549503	
6.618867182	
7.25300819
2.640100845	
1.948177973	
1.362369093	
2.693629019	
2.356101017
8.589226232	
7.324254192	
7.602015313	
8.053254486	
8.378176824
3.906977433	
3.082323003	
2.088964182	
3.742286446	
4.074110166
0.4725	
0.401086387	
0	
0.894677223	
0.515095211
5.786441279	
5.18772344	
4.68840095	
5.046534497	
6.57266748
2.126153708	
1.180097818	
1.110868609	
1.283956492	
1.474415992
7.800966541	
6.902304426	
6.169299481	
6.03032219	
6.791903909
1.9801211	
1.284294272	
1.474760187	
1.675229787	
1.299381428
8.191399653	
8.250815358	
7.188552319	
7.147675372	
7.355275982
2.496368276	
2.064403713	
2.098085893	
2.717626735	
3.313438434
0.310472742	
0.441237076	
0	
0.557038565	
0.359563404
5.781244361	
6.019555808	
3.653198979	
4.700468787	
5.568845895
0.564350243	
0.80209258	
1.128782012	
1.018790751
1.018790751	
0.687758682

