   0.7364
   0.8887
   0.9493
   0.9741
   0.9866
   0.9925
   0.9955
   0.8696
   0.9191
   0.9667
   0.9848
   0.9903
   0.9950
   0.9963
   0.8828
   0.9338
   0.9625
   0.9819
   0.9902
   0.9948
   0.9970
   0.8568
   0.9071
   0.9321
   0.9580
   0.9759
   0.9852
   0.9917
   0.8031
   0.9177
   0.9558
   0.9809
   0.9917
   0.9958
   0.9976
   0.7721
   0.9301
   0.9693
   0.9890
   0.9939
   0.9964
   0.9979
   0.8291
   0.9088
   0.9363
   0.9714
   0.9850
   0.9929
   0.9971
   0.9118
   0.9695
   0.9874
   0.9926
   0.9961
   0.9978
   0.9987
   0.7326
   0.8630
   0.9021
   0.9465
   0.9800
   0.9903
   0.9950
   0.9092
   0.9638
   0.9728
   0.9853
   0.9943
   0.9961
   0.9977
   0.9312
   0.9534
   0.9695
   0.9847
   0.9917
   0.9953
   0.9972
   0.8395
   0.9140
   0.9497
   0.9709
   0.9827
   0.9926
   0.9957
   0.9026
   0.9549
   0.9792
   0.9887
   0.9942
   0.9966
   0.9980
   0.9399
   0.9433
   0.9701
   0.9840
   0.9922
   0.9957
   0.9977
   0.7776
   0.9138
   0.9459
   0.9713
   0.9869
   0.9928
   0.9959
   0.8794
   0.9134
   0.9566
   0.9718
   0.9845
   0.9921
   0.9954
   0.8629
   0.9551
   0.9737
   0.9843
   0.9906
   0.9958
   0.9976
   0.7245
   0.9179
   0.9519
   0.9781
   0.9884
   0.9939
   0.9963
   0.7779
   0.8994
   0.9403
   0.9680
   0.9815
   0.9899
   0.9944
   0.8164
   0.9300
   0.9545
   0.9729
   0.9829
   0.9906
   0.9947
   0.8475
   0.9125
   0.9416
   0.9710
   0.9871
   0.9934
   0.9961
   0.9185
   0.9709
   0.9867
   0.9924
   0.9955
   0.9973
   0.9984
   0.8347
   0.9250
   0.9439
   0.9758
   0.9900
   0.9947
   0.9968
   0.8934
   0.9378
   0.9672
   0.9851
   0.9924
   0.9960
   0.9977
   0.8678
   0.9211
   0.9576
   0.9783
   0.9895
   0.9937
   0.9963
   0.7172
   0.8451
   0.9301
   0.9653
   0.9808
   0.9889
   0.9938
   0.8606
   0.9347
   0.9552
   0.9760
   0.9875
   0.9922
   0.9954
   0.8796
   0.9377
   0.9720
   0.9828
   0.9828
   0.9939
   0.9967
   0.8452
   0.9037
   0.9321
   0.9556
   0.9691
   0.9811
   0.9899
   0.8132
   0.9062
   0.9568
   0.9742
   0.9882
   0.9941
   0.9971
   0.8564
   0.9240
   0.9687
   0.9828
   0.9895
   0.9950
   0.9972
   0.8029
   0.8909
   0.9332
   0.9649
   0.9850
   0.9926
   0.9967
   0.8959
   0.9614
   0.9805
   0.9901
   0.9944
   0.9970
   0.9983
   0.7320
   0.8107
   0.9033
   0.9515
   0.9734
   0.9874
   0.9934
   0.8392
   0.9488
   0.9808
   0.9880
   0.9930
   0.9956
   0.9974
   0.8918
   0.9483
   0.9697
   0.9825
   0.9910
   0.9949
   0.9968
   0.8510
   0.9094
   0.9440
   0.9546
   0.9754
   0.9871
   0.9941
   0.8889
   0.9489
   0.9729
   0.9869
   0.9934
   0.9960
   0.9976
   0.8679
   0.9220
   0.9524
   0.9742
   0.9871
   0.9947
   0.9975
   0.8015
   0.8833
   0.9433
   0.9645
   0.9816
   0.9901
   0.9947
   0.8422
   0.9042
   0.9479
   0.9693
   0.9819
   0.9897
   0.9943
   0.9073
   0.9312
   0.9647
   0.9811
   0.9901
   0.9952
   0.9975
   0.6978
   0.8860
   0.9454
   0.9742
   0.9858
   0.9904
   0.9946
   0.7591
   0.8799
   0.9270
   0.9602
   0.9789
   0.9876
   0.9937
   0.7962
   0.9004
   0.9525
   0.9701
   0.9809
   0.9872
   0.9927
   0.8448
   0.9124
   0.9413
   0.9689
   0.9826
   0.9894
   0.9939
   0.9225
   0.9739
   0.9873
   0.9913
   0.9943
   0.9959
   0.9974
   0.8677
   0.9199
   0.9485
   0.9676
   0.9803
   0.9883
   0.9937
   0.8465
   0.9411
   0.9604
   0.9798
   0.9885
   0.9930
   0.9964
   0.8717
   0.9341
   0.9447
   0.9700
   0.9850
   0.9920
   0.9957
   0.7382
   0.8918
   0.9368
   0.9691
   0.9855
   0.9915
   0.9948
   0.8782
   0.9170
   0.9689
   0.9827
   0.9890
   0.9932
   0.9959
   0.8920
   0.9373
   0.9654
   0.9810
   0.9881
   0.9934
   0.9962
   0.8569
   0.8930
   0.9329
   0.9591
   0.9758
   0.9841
   0.9907
   0.7966
   0.9161
   0.9360
   0.9779
   0.9887
   0.9950
   0.9972
   0.7738
   0.9154
   0.9599
   0.9875
   0.9928
   0.9957
   0.9974
   0.8355
   0.9042
   0.9370
   0.9581
   0.9767
   0.9885
   0.9932
   0.9168
   0.9705
   0.9877
   0.9925
   0.9962
   0.9977
   0.9986
   0.7508
   0.8190
   0.8637
   0.9156
   0.9433
   0.9735
   0.9882
   0.9124
   0.9625
   0.9639
   0.9796
   0.9883
   0.9930
   0.9963
   0.9290
   0.9445
   0.9707
   0.9848
   0.9917
   0.9950
   0.9970
   0.8440
   0.9101
   0.9504
   0.9698
   0.9816
   0.9891
   0.9945
   0.9093
   0.9632
   0.9800
   0.9884
   0.9938
   0.9962
   0.9977
   0.9393
   0.9409
   0.9720
   0.9774
   0.9814
   0.9868
   0.9900
   0.7815
   0.9283
   0.9447
   0.9735
   0.9806
   0.9889
   0.9926
   0.8803
   0.9119
   0.9553
   0.9701
   0.9810
   0.9903
   0.9939
   0.9130
   0.9562
   0.9705
   0.9826
   0.9897
   0.9939
   0.9964
   0.7295
   0.9184
   0.9587
   0.9766
   0.9872
   0.9924
   0.9959
   0.8108
   0.8683
   0.9267
   0.9614
   0.9735
   0.9820
   0.9904
   0.8214
   0.9331
   0.9550
   0.9713
   0.9811
   0.9886
   0.9925
   0.8450
   0.9025
   0.9466
   0.9670
   0.9830
   0.9907
   0.9945
   0.9252
   0.9717
   0.9867
   0.9922
   0.9955
   0.9970
   0.9981
   0.8368
   0.9159
   0.9495
   0.9783
   0.9876
   0.9938
   0.9963
   0.8322
   0.9385
   0.9606
   0.9852
   0.9918
   0.9955
   0.9974
   0.8721
   0.9205
   0.9497
   0.9766
   0.9886
   0.9932
   0.9962
   0.2572
   0.8126
   0.8640
   0.9404
   0.9651
   0.9748
   0.9866
   0.3379
   0.8942
   0.9044
   0.9737
   0.9789
   0.9909
   0.9936
   0.2248
   0.8583
   0.8983
   0.9641
   0.9766
   0.9860
   0.9924
   0.1572
   0.8489
   0.9063
   0.9382
   0.9558
   0.9713
   0.9820
   0.1969
   0.7829
   0.8571
   0.9495
   0.9692
   0.9890
   0.9929
   0.3448
   0.7845
   0.8707
   0.8966
   0.9792
   0.9824
   0.9957
   0.3138
   0.8743
   0.8878
   0.9404
   0.9660
   0.9759
   0.9898
   0.1222
   0.8520
   0.8521
   0.9821
   0.9877
   0.9960
   0.9973
   0.4899
   0.8241
   0.8444
   0.8945
   0.9455
   0.9565
   0.9839
   0.2957
   0.8994
   0.8965
   0.9663
   0.9811
   0.9877
   0.9928
   0.1129
   0.8962
   0.9477
   0.9699
   0.9807
   0.9841
   0.9944
   0.3652
   0.8689
   0.9157
   0.9561
   0.9670
   0.9755
   0.9878
   0.1457
   0.8210
   0.8292
   0.9702
   0.9756
   0.9933
   0.9952
   0.4699
   0.9361
   0.9392
   0.9594
   0.9824
   0.9865
   0.9926
   0.3844
   0.8053
   0.8130
   0.9144
   0.9533
   0.9684
   0.9874
   0.2410
   0.8465
   0.9326
   0.9491
   0.9743
   0.9815
   0.9893
   0.2906
   0.9165
   0.9199
   0.9737
   0.9833
   0.9890
   0.9904
   0.2000
   0.7620
   0.8469
   0.8545
   0.9705
   0.9741
   0.9934
   0.2695
   0.7988
   0.8672
   0.9383
   0.9601
   0.9758
   0.9869
   0.1181
   0.8973
   0.9067
   0.9466
   0.9705
   0.9720
   0.9874
   0.2644
   0.8143
   0.8536
   0.9349
   0.9667
   0.9829
   0.9856
   0.1499
   0.8746
   0.9350
   0.9802
   0.9870
   0.9948
   0.9957
   0.2603
   0.8430
   0.8856
   0.9452
   0.9659
   0.9860
   0.9893
   0.1921
   0.7965
   0.8025
   0.9235
   0.9709
   0.9905
   0.9923
   0.1273
   0.8509
   0.9166
   0.9528
   0.9736
   0.9868
   0.9927
   0.7374
   0.8975
   0.9527
   0.9703
   0.9840
   0.9912
   0.9952
   0.8834
   0.9231
   0.9639
   0.9811
   0.9910
   0.9948
   0.9966
   0.8859
   0.9248
   0.9714
   0.9798
   0.9881
   0.9942
   0.9966
   0.8530
   0.9064
   0.9352
   0.9490
   0.9720
   0.9832
   0.9901
   0.8221
   0.9008
   0.9503
   0.9807
   0.9893
   0.9948
   0.9972
   0.8048
   0.9119
   0.9665
   0.9857
   0.9934
   0.9960
   0.9976
   0.8281
   0.8891
   0.9380
   0.9692
   0.9819
   0.9917
   0.9959
   0.9153
   0.9696
   0.9840
   0.9922
   0.9956
   0.9976
   0.9985
   0.7524
   0.8465
   0.8953
   0.9447
   0.9688
   0.9873
   0.9930
   0.9068
   0.9541
   0.9721
   0.9783
   0.9910
   0.9955
   0.9975
   0.9050
   0.9424
   0.9683
   0.9833
   0.9912
   0.9949
   0.9968
   0.8517
   0.8949
   0.9457
   0.9719
   0.9823
   0.9898
   0.9949
   0.9072
   0.9589
   0.9784
   0.9882
   0.9929
   0.9960
   0.9977
   0.9116
   0.9359
   0.9657
   0.9829
   0.9885
   0.9945
   0.9970
   0.8567
   0.9072
   0.9486
   0.9700
   0.9846
   0.9909
   0.9948
   0.8383
   0.9108
   0.9503
   0.9683
   0.9810
   0.9904
   0.9942
   0.8778
   0.9551
   0.9744
   0.9827
   0.9908
   0.9949
   0.9969
   0.7332
   0.9007
   0.9543
   0.9724
   0.9862
   0.9930
   0.9961
   0.8025
   0.8636
   0.9387
   0.9564
   0.9758
   0.9863
   0.9925
   0.8179
   0.9378
   0.9504
   0.9724
   0.9822
   0.9896
   0.9934
   0.8461
   0.9260
   0.9460
   0.9725
   0.9862
   0.9919
   0.9954
   0.9216
   0.9767
   0.9875
   0.9919
   0.9955
   0.9972
   0.9982
   0.8582
   0.8949
   0.9504
   0.9754
   0.9885
   0.9942
   0.9968
   0.8933
   0.9377
   0.9625
   0.9829
   0.9917
   0.9959
   0.9975
   0.8644
   0.9284
   0.9642
   0.9758
   0.9863
   0.9932
   0.9960