82.793
143.645
190.120
227.964
261.568
290.836
317.527
101.353
151.279
185.072
226.807
236.841
277.153
291.380
124.045
177.346
212.482
247.057
270.249
296.868
317.928
149.667
186.664
213.164
247.205
285.401
310.458
339.629
104.723
153.769
201.606
247.527
287.461
316.119
338.827
149.262
204.329
251.040
282.317
302.173
322.106
340.918
81.406
136.769
185.776
234.771
277.818
312.378
340.611
124.082
174.956
216.765
248.729
279.259
301.471
321.842
59.368
106.362
139.468
192.879
245.867
280.331
308.725
114.866
151.652
189.335
259.950
304.939
333.335
353.597
157.346
184.593
230.429
263.998
291.808
315.639
335.215
63.285
136.884
191.143
239.440
272.340
302.426
322.801
149.241
197.903
241.585
277.153
304.856
326.918
347.292
130.063
161.874
216.225
251.456
286.389
308.415
331.768
113.073
173.403
200.628
241.655
282.375
305.766
326.283
150.951
177.372
226.936
255.660
297.015
327.655
357.423
120.061
178.844
215.021
256.287
286.593
318.352
342.844
88.314
156.528
185.867
225.589
259.231
291.144
312.287
102.216
152.801
178.725
222.984
254.773
285.822
312.153
112.674
183.868
214.568
251.224
288.888
320.466
358.596
129.891
172.078
202.913
242.860
277.138
302.605
320.032
151.944
204.553
241.898
273.762
297.105
321.775
338.014
122.413
149.334
192.991
241.754
284.193
310.977
328.302
140.285
159.378
211.590
251.941
282.368
307.083
327.150
155.468
200.483
242.317
280.905
311.037
339.245
363.694
58.474
123.817
160.448
196.129
220.180
251.663
289.128
94.282
142.333
169.091
195.902
218.989
227.130
252.122
108.029
163.570
208.597
231.008
231.008
278.213
300.960
147.346
179.601
211.055
238.211
263.901
291.568
330.074
111.651
153.288
197.407
237.413
260.490
296.768
325.904
129.448
154.028
180.619
211.528
257.301
292.745
321.835
74.160
136.099
179.244
224.814
261.903
305.446
330.357
113.426
160.756
199.858
233.608
255.690
283.049
305.496
58.410
87.644
136.461
179.506
214.088
253.728
286.458
88.688
164.804
210.563
235.544
258.645
287.581
329.517
134.688
183.744
218.776
258.484
284.914
308.339
328.286
76.851
133.998
184.735
190.435
223.908
269.564
304.990
135.245
183.945
229.404
262.343
290.586
316.867
335.746
89.669
135.174
163.370
208.344
249.385
286.397
327.151
107.884
143.350
190.397
222.465
254.520
281.282
316.021
132.629
164.554
194.901
230.480
266.847
302.269
333.486
126.261
153.309
187.706
223.535
268.643
308.078
327.116
83.399
135.107
180.585
213.088
236.368
249.863
279.439
90.802
138.282
163.723
202.924
237.534
269.112
294.451
96.016
146.954
203.477
231.494
260.806
288.074
328.940
127.018
158.465
178.666
208.942
234.873
257.243
289.332
132.445
191.276
235.371
244.608
256.830
271.972
295.745
118.115
135.660
156.195
185.777
218.378
246.815
284.882
105.659
146.343
162.570
197.471
234.072
257.476
283.149
161.230
207.574
226.251
254.510
291.638
320.499
347.544
84.668
144.539
178.927
226.673
259.335
288.245
313.155
108.631
148.882
191.926
227.674
260.006
275.439
296.811
139.425
177.545
216.168
239.382
268.744
294.488
314.881
149.629
175.626
218.805
251.092
281.785
307.956
334.498
89.221
157.183
170.994
241.676
278.246
314.189
336.175
152.136
198.920
248.646
281.252
294.688
314.805
335.382
85.846
134.029
173.216
206.304
248.458
289.875
321.565
130.789
173.115
222.209
252.255
282.083
302.134
320.248
58.609
69.846
92.031
151.855
190.561
244.803
286.627
122.128
146.285
179.705
241.416
280.256
311.717
346.921
152.172
185.011
231.842
262.826
289.868
312.217
335.590
88.137
144.518
195.602
236.303
269.406
294.161
318.123
155.288
209.348
244.316
273.816
299.649
326.159
345.272
130.171
164.414
203.450
230.925
247.451
269.824
290.654
116.364
181.050
204.552
234.254
257.197
290.969
315.284
151.714
177.491
225.479
254.955
285.354
323.346
345.646
134.592
178.058
218.990
249.400
283.154
306.571
325.830
88.009
156.021
193.560
228.732
258.886
286.907
311.008
92.656
137.050
172.008
212.506
240.577
266.489
299.802
116.743
185.981
219.935
248.462
277.317
320.120
346.466
131.177
167.891
209.866
235.878
274.654
301.577
323.458
155.095
205.634
243.768
268.655
298.383
318.854
339.145
123.251
153.533
182.403
246.793
285.602
312.704
336.033
103.156
163.179
208.418
253.378
285.626
310.630
324.464
159.984
198.398
232.898
280.357
310.658
337.355
365.058
0.0000
87.148
130.577
175.614
222.567
228.450
264.389
0.0000
99.843
102.947
199.292
204.585
245.673
276.610
0.0000
92.891
121.810
212.687
230.820
278.523
302.650
0.0000
131.836
180.116
205.358
217.860
268.595
286.721
0.0000
95.235
116.182
186.787
201.137
277.718
292.493
0.0000
113.976
133.551
202.757
257.680
276.377
328.184
0.0000
103.214
107.486
174.175
199.893
247.788
282.115
0.0000
89.219
88.950
204.323
209.129
288.898
301.859
0.0000
80.459
89.526
119.075
168.250
179.060
252.483
0.0000
109.141
112.673
197.835
217.465
275.501
297.249
0.0000
110.572
161.712
206.932
214.836
226.993
306.837
0.0000
95.883
140.297
179.802
219.296
245.984
286.220
0.0000
107.893
110.443
203.323
207.903
300.068
310.192
0.0000
122.075
141.247
174.339
238.036
257.617
299.231
0.0000
117.205
118.703
150.419
205.426
214.669
273.736
0.0000
105.255
170.311
200.039
259.097
269.399
326.004
0.0000
143.122
153.166
219.062
253.550
280.291
289.702
0.0000
87.494
116.371
119.739
205.904
208.965
292.052
0.0000
100.744
120.407
177.517
199.661
251.009
283.023
0.0000
149.523
152.100
182.375
235.311
236.060
290.144
0.0000
107.598
138.030
192.509
215.782
277.874
289.684
0.0000
90.509
130.200
215.575
245.683
288.813
304.191
0.0000
99.402
119.088
177.541
228.359
258.253
291.928
0.0000
77.967
76.977
134.186
193.313
270.691
294.010
0.0000
125.281
163.227
216.260
261.504
308.027
347.446
85.139
149.462
184.170
226.304
258.205
288.644
314.987
113.407
143.829
185.060
218.211
255.750
272.756
287.197
137.893
160.484
212.571
236.144
265.912
292.805
315.288
146.874
188.322
207.917
238.873
269.357
305.431
333.981
114.950
155.567
195.977
245.676
274.750
309.036
341.525
126.802
190.613
248.285
275.446
298.405
319.218
341.840
84.246
126.506
185.161
229.111
268.999
304.416
334.336
129.112
166.821
208.086
245.239
271.758
303.043
321.759
59.395
97.647
133.444
186.193
226.763
275.831
305.955
116.829
168.450
217.807
239.457
288.037
326.860
354.357
140.153
164.009
208.563
257.614
287.539
313.928
333.249
91.344
127.010
186.896
238.804
265.851
295.681
324.299
154.044
201.998
235.094
271.433
300.435
327.150
345.713
131.257
162.627
205.615
251.565
278.395
311.005
334.788
129.767
171.344
205.079
234.577
276.034
302.781
330.641
106.937
171.142
212.615
243.152
276.646
319.289
348.043
120.671
181.361
215.363
240.927
279.822
309.892
338.013
88.530
152.178
185.756
206.925
250.108
287.000
312.366
90.637
133.577
185.695
211.400
240.939
274.819
305.551
114.991
183.363
207.545
246.031
275.731
314.529
336.265
130.762
174.602
203.248
248.203
271.589
294.721
326.080
152.852
222.207
238.654
266.004
292.835
316.949
342.865
123.265
145.026
180.318
229.139
277.112
307.446
333.941
142.937
165.164
207.943
252.191
274.918
306.814
328.370
155.055
200.931
251.443
276.248
303.472
339.590
362.228