214.910
259.080
299.565
332.934
359.062
381.907
402.608
231.871
261.570
296.555
329.923
356.149
382.314
401.449
226.824
270.550
298.699
329.640
353.441
376.162
397.770
225.280
251.533
275.706
300.833
327.094
350.710
372.634
218.508
261.544
293.888
327.095
358.203
385.230
216.283
260.245
293.263
326.860
356.877
380.130
401.030
232.116
258.892
302.274
328.729
354.693
376.820
401.973
244.345
273.651
301.738
326.447
351.929
374.085
395.059
225.269
243.687
275.105
301.439
327.545
349.429
372.311
214.791
263.338
281.276
325.301
352.198
382.028
405.450
247.464
286.202
319.740
364.945
385.916
407.957
427.462
205.924
246.210
279.503
310.833
348.655
379.827
403.330
233.139
271.554
306.286
324.478
353.708
376.263
398.419
201.743
212.173
245.989
300.449
334.658
373.207
402.253
217.605
252.426
286.820
325.885
356.716
381.465
404.375
220.791
238.434
270.863
295.770
320.952
342.417
362.310
196.946
251.446
285.163
317.255
344.467
368.496
390.206
239.876
278.722
302.769
328.743
352.974
373.831
394.144
241.681
270.662
317.037
343.732
366.578
392.090
413.002
223.828
267.866
294.516
307.811
345.999
375.285
397.536
234.865
256.794
291.312
314.539
338.039
362.353
383.798
245.372
281.076
308.409
347.109
375.500
401.122
428.242
212.613
261.307
290.215
313.447
338.115
358.964
382.544
224.081
262.300
291.966
315.920
337.084
357.826
381.030
183.504
235.410
257.051
281.059
303.011
328.331
348.207
232.183
259.063
290.842
317.186
341.411
364.502
386.395
231.990
274.380
309.400
334.040
354.172
372.629
392.540
223.446
257.362
279.278
318.813
343.312
372.671
395.679
208.884
260.256
287.172
323.827
348.174
372.287
394.389
220.461
256.480
279.333
315.077
341.680
364.172
386.969
406.951
245.238
290.293
329.840
368.167
390.901
409.254
428.414
188.096
247.955
287.888
323.783
355.587
385.806
407.731
231.435
269.717
305.168
325.959
353.556
376.403
397.938
191.332
252.337
282.895
326.848
357.982
380.044
404.445
205.725
254.955
291.668
328.808
356.259
387.483
408.270
220.766
245.451
267.334
295.320
320.171
342.890
363.361
166.227
238.066
284.949
316.481
345.827
369.746
388.120
239.170
270.754
304.282
329.889
352.910
374.845
394.980
240.078
268.338
313.669
346.682
378.061
402.244
422.638
221.997
261.998
293.152
323.094
353.355
376.197
397.698
233.936
255.394
291.014
313.983
339.985
363.518
383.607
228.223
280.320
313.927
349.367
378.578
406.029
430.253
211.425
260.066
285.950
314.968
339.506
364.167
383.588
224.279
266.769
286.205
316.182
340.184
361.554
383.507
182.771
233.152
254.523
282.920
306.581
329.825
349.843
230.277
266.483
289.691
318.126
348.241
370.191
390.235
229.597
273.646
310.597
333.973
354.809
375.645
395.675
223.360
253.831
279.390
313.755
350.686
373.091
393.434
240.240
258.731
291.442
323.937
349.241
373.505
395.353
218.914
254.545
285.816
316.894
344.141
364.272
385.906
198.854
243.532
274.594
306.545
328.652
359.351
382.357
224.047
258.277
286.304
312.395
337.203
356.860
381.088
224.672
265.615
299.630
321.116
321.116
361.078
381.615
222.242
245.613
271.770
292.239
311.178
336.055
361.713
223.748
259.178
291.874
318.340
346.039
371.253
397.098
238.680
270.616
302.137
330.646
358.820
388.626
412.308
193.726
239.948
279.493
311.239
341.084
363.771
392.802
221.677
261.899
290.481
316.884
339.885
363.353
385.622
198.344
236.505
275.362
309.819
335.323
361.084
385.564
193.502
258.998
298.399
316.913
339.310
364.134
387.916
207.453
239.608
266.040
290.787
316.271
336.517
356.312
179.743
239.906
278.952
289.218
318.141
344.850
371.819
228.508
268.128
288.420
315.780
342.277
363.316
382.577
210.211
243.489
274.288
308.983
340.194
376.206
403.607
212.903
248.427
282.134
300.612
327.398
353.019
377.167
217.448
242.241
273.335
300.211
325.147
349.476
370.818
242.948
258.912
293.952
323.779
358.515
387.421
415.096
201.122
247.079
279.838
310.225
334.366
349.117
373.303
216.983
255.288
277.495
306.384
331.982
353.631
374.840
162.650
206.123
249.433
270.678
290.264
310.242
332.532
233.567
256.223
278.005
308.744
328.304
345.068
366.478
222.547
272.968
309.176
326.916
343.583
357.773
377.880
221.460
242.155
265.105
292.895
316.758
335.180
359.093
217.323
251.296
267.262
295.367
321.424
345.625
369.933
219.855
257.629
277.184
302.694
328.457
353.111
374.320
145.723
225.145
253.047
293.695
320.569
338.377
361.705
146.762
228.662
231.286
303.522
315.720
357.953
372.038
143.312
214.631
241.709
298.175
316.802
348.659
368.263
108.822
216.994
246.279
276.252
290.912
324.655
346.367
126.643
207.540
227.509
285.696
302.803
352.880
365.323
120.678
225.387
258.426
294.509
347.811
360.442
405.481
127.277
212.429
218.781
279.851
307.093
342.869
370.601
138.259
212.144
212.017
293.639
311.428
351.517
369.245
142.765
223.752
237.026
269.714
314.026
329.994
378.748
135.234
221.231
224.278
295.389
309.335
348.203
365.244
122.552
206.787
235.274
272.494
286.189
302.376
342.521
123.285
214.223
252.639
281.842
313.559
332.391
363.598
134.902
215.740
217.832
290.040
301.018
351.518
364.395
130.732
243.111
261.542
291.631
340.018
372.111
399.125
114.859
226.854
232.035
260.203
300.969
314.882
358.970
129.353
203.635
259.155
280.543
313.965
331.648
362.056
139.032
243.840
253.044
315.002
350.094
368.921
386.142
127.275
210.920
236.910
240.951
308.355
316.920
364.258
121.747
226.019
239.040
288.303
303.707
327.134
357.133
109.806
213.301
216.419
244.189
281.513
284.497
325.088
123.402
216.200
237.101
284.358
314.394
342.434
353.550
125.787
198.107
220.894
286.511
308.277
347.690
354.672
132.763
211.049
223.955
281.566
306.777
337.972
359.155
141.749
203.728
203.696
240.903
299.140
347.547
362.376
102.325
206.935
230.257
282.996
307.695
344.756
367.382
216.526
263.201
302.760
327.981
352.703
379.034
401.264
235.876
262.789
298.958
325.612
357.295
379.201
399.470
241.273
263.280
301.924
321.099
345.346
372.748
394.478
221.741
252.178
272.544
293.989
320.089
344.869
367.981
226.983
257.412
289.246
328.487
352.796
378.696
402.230
245.194
281.167
324.767
356.787
387.235
406.802
426.371
195.284
237.637
287.764
323.253
352.455
381.130
406.290
232.964
274.364
295.752
324.504
347.556
372.329
392.458
201.557
248.999
280.665
322.918
351.754
385.989
407.912
213.205
266.518
298.970
322.100
355.365
382.473
405.380
213.075
235.596
263.383
290.330
316.741
337.682
357.089
197.773
239.225
283.197
319.389
343.478
366.279
387.436
239.711
273.375
300.067
325.566
348.169
370.964
390.464
238.579
264.881
304.296
346.780
376.721
401.308
425.635
234.214
259.556
293.382
318.178
350.784
372.148
395.747
206.958
254.725
285.448
308.287
332.279
358.893
381.247
232.187
281.957
314.082
340.951
373.350
403.387
427.008
213.193
254.691
284.813
307.277
335.124
359.429
381.963
222.995
259.929
291.965
312.220
334.557
358.922
380.193
183.210
236.584
250.481
280.949
302.142
325.361
345.801
232.351
274.001
288.911
321.224
344.160
365.540
389.099
228.570
284.765
307.006
330.067
353.154
373.213
390.773
228.744
251.324
282.373
313.140
345.310
371.518
395.104
240.621
260.606
290.240
320.125
345.462
371.313
392.741
219.676
257.874
292.877
312.399
337.136
362.719
384.333