154.195
198.366
238.850
272.220
298.347
321.192
341.893
182.139
211.838
246.824
280.191
306.417
332.582
351.717
170.657
214.383
242.532
273.473
297.274
319.995
341.603
169.921
196.175
220.347
245.474
271.735
295.351
317.275
161.685
204.721
237.064
270.272
301.380
328.407
350.128
211.013
256.068
295.616
333.942
356.677
375.029
394.189
123.430
183.290
223.223
259.117
290.921
321.141
343.065
172.271
210.553
246.004
266.794
294.392
317.239
338.774
122.268
183.272
213.831
257.783
288.917
310.979
335.380
139.688
188.918
225.631
262.771
290.222
321.446
342.233
162.209
186.893
208.776
236.762
261.613
284.332
304.803
101.932
173.771
220.654
252.186
281.532
305.451
323.825
164.574
196.158
229.686
255.293
278.314
300.249
320.384
212.854
241.113
286.445
319.458
350.836
375.020
395.414
175.841
215.842
246.996
276.938
307.199
330.040
351.541
154.769
176.227
211.847
234.817
260.818
284.351
304.440
186.266
238.362
271.969
307.409
336.621
364.071
388.296
154.776
203.417
229.302
258.319
282.858
307.518
326.939
164.615
207.105
226.540
256.518
280.519
301.890
323.843
105.802
156.182
177.553
205.951
229.611
252.856
272.874
177.012
213.218
236.426
264.861
294.976
316.926
336.970
175.029
219.078
256.029
279.405
300.241
321.077
341.107
159.787
190.258
215.817
250.182
287.112
309.518
329.861
175.679
194.169
226.880
259.375
284.680
308.943
330.792
173.536
209.166
240.438
271.516
298.763
318.894
340.528
138.139
182.817
213.879
245.830
267.937
298.636
321.642
174.315
208.545
236.572
262.663
287.471
307.129
331.356
168.505
209.448
243.463
264.949
264.949
304.911
325.448
166.883
190.254
216.411
236.880
255.819
280.697
306.354
166.925
202.355
235.050
261.517
289.216
314.430
340.275
204.455
236.391
267.912
296.421
324.595
354.401
378.083
129.061
175.282
214.828
246.574
276.418
299.106
328.136
162.512
202.734
231.316
257.720
280.720
304.188
326.458
129.279
167.440
206.297
240.754
266.258
292.019
316.500
127.465
192.961
232.362
250.876
273.273
298.097
321.879
148.895
181.050
207.483
232.230
257.714
277.959
297.754
115.448
175.611
214.657
224.924
253.846
280.555
307.524
153.912
193.532
213.824
241.184
267.681
288.720
307.981
182.986
216.265
247.064
281.759
312.970
348.982
376.382
166.746
202.271
235.978
254.456
281.242
306.862
331.011
138.281
163.074
194.168
221.044
245.981
270.309
291.651
200.991
216.955
251.995
281.821
316.558
345.464
373.138
144.473
190.430
223.189
253.577
277.717
292.468
316.655
157.318
195.623
217.831
246.719
272.318
293.966
315.175
85.680
129.153
172.464
193.709
213.295
233.272
255.562
180.302
202.958
224.741
255.479
275.039
291.803
313.214
167.979
218.399
254.607
272.347
289.014
303.205
323.311
157.887
178.582
201.531
229.322
253.185
271.607
295.519
152.761
186.735
202.700
230.805
256.862
281.063
305.372
174.476
212.251
231.806
257.316
283.079
307.732
328.942
155.568
199.530
232.548
266.145
296.162
319.415
340.315
182.384
209.160
252.542
278.997
304.961
327.088
352.242
188.178
217.484
245.571
270.280
295.762
317.918
338.892
169.910
188.328
219.746
246.080
272.187
294.070
316.952
157.968
206.515
224.452
268.478
295.375
325.205
348.627
213.239
251.977
285.515
330.720
351.691
373.732
393.237
141.259
181.544
214.837
246.167
283.990
315.161
338.664
173.975
212.389
247.122
265.313
294.544
317.098
339.255
132.678
143.109
176.924
231.384
265.594
304.142
333.188
151.568
186.389
220.783
259.848
290.679
315.428
338.338
162.234
179.876
212.305
237.213
262.394
283.860
303.752
132.651
187.151
220.868
252.961
280.172
304.201
325.912
165.280
204.126
228.173
254.147
278.378
299.235
319.548
214.456
243.438
289.813
316.508
339.353
364.865
385.777
177.671
221.710
248.360
261.655
299.843
329.129
351.380
155.698
177.628
212.145
235.372
258.872
283.186
304.631
203.414
239.118
266.451
305.151
333.543
359.164
386.284
155.964
204.659
233.567
256.798
281.466
302.316
325.896
164.416
202.636
232.302
256.255
277.420
298.161
321.365
106.535
158.441
180.082
204.090
226.041
251.362
271.238
178.918
205.798
237.577
263.921
288.146
311.237
333.130
177.422
219.812
254.832
279.472
299.604
318.060
337.972
159.873
193.789
215.705
255.240
279.738
309.098
332.106
144.323
195.694
222.610
259.266
283.612
307.725
329.827
175.082
211.101
233.955
269.699
296.301
318.793
341.590
85.008
164.430
192.332
232.980
259.854
277.662
300.990
97.030
178.930
181.555
253.790
265.988
308.221
322.306
87.145
158.463
185.542
242.008
260.634
292.492
312.096
53.463
161.635
190.920
220.893
235.553
269.296
291.008
69.820
150.716
170.686
228.872
245.980
296.057
308.500
86.453
191.162
224.201
260.284
313.586
326.218
371.256
62.612
147.763
154.115
215.185
242.428
278.204
305.935
79.095
152.979
152.852
234.475
252.264
292.353
310.080
73.700
154.688
167.961
200.649
244.961
260.929
309.684
69.197
155.194
158.241
229.352
243.298
282.166
299.207
63.994
148.229
176.716
213.937
227.632
243.818
283.963
58.990
149.928
188.345
217.547
249.264
268.096
299.303
60.306
141.144
143.236
215.444
226.422
276.922
289.799
103.508
215.887
234.318
264.406
312.793
344.886
371.901
68.703
180.698
185.879
214.046
254.813
268.725
312.814
50.186
124.468
179.988
201.376
234.798
252.481
282.889
97.075
201.882
211.086
273.044
308.137
326.963
344.184
70.626
154.272
180.261
184.302
251.706
260.272
307.609
62.082
166.354
179.375
228.639
244.042
267.469
297.468
32.837
136.332
139.450
167.220
204.544
207.528
248.119
70.138
162.935
183.836
231.093
261.129
289.169
300.285
71.218
143.539
166.326
231.942
253.709
293.121
300.104
69.190
147.476
160.382
217.993
243.204
274.399
295.582
77.187
139.166
139.135
176.342
234.578
282.985
297.815
56.947
161.556
184.878
237.618
262.317
299.377
322.004
155.811
202.486
242.045
267.266
291.988
318.319
340.549
186.144
213.057
249.227
275.880
307.563
329.470
349.738
185.105
207.113
245.757
264.932
289.179
316.581
338.311
166.383
196.819
217.185
238.630
264.730
289.510
312.623
170.160
200.589
232.423
271.664
295.972
321.873
345.407
210.969
246.942
290.542
322.562
353.010
372.577
392.146
130.618
172.972
223.098
258.587
287.789
316.464
341.625
173.800
215.200
236.588
265.340
288.392
313.164
333.293
132.492
179.935
211.600
253.853
282.689
316.924
338.847
147.168
200.480
232.933
256.063
289.328
316.436
339.343
154.517
177.039
204.825
231.773
258.184
279.125
298.532
133.478
174.930
218.902
255.094
279.183
301.984
323.141
165.115
198.779
225.471
250.970
273.573
296.368
315.868
211.355
237.657
277.072
319.555
349.497
374.084
398.411
188.058
213.400
247.226
272.022
304.627
325.992
349.590
127.791
175.558
206.281
229.120
253.112
279.726
302.080
190.229
239.999
272.124
298.994
331.392
361.429
385.050
156.545
198.042
228.164
250.629
278.475
302.780
325.314
163.330
200.264
232.300
252.555
274.892
299.258
320.528
106.241
159.615
173.512
203.980
225.172
248.391
268.832
179.086
220.736
235.647
267.959
290.895
312.275
335.834
174.002
230.196
252.438
275.499
298.586
318.644
336.204
165.171
187.751
218.800
249.567
281.737
307.945
331.531
176.060
196.044
225.678
255.563
280.900
306.751
328.180
174.298
212.495
247.499
267.021
291.758
317.341
338.955