   0.6277
   0.7319
   0.8278
   0.8869
   0.9264
   0.9540
   0.9691
   0.7539
   0.8093
   0.8917
   0.9359
   0.9612
   0.9764
   0.9843
   0.7548
   0.8163
   0.8739
   0.9208
   0.9504
   0.9704
   0.9823
   0.6703
   0.7427
   0.7866
   0.8409
   0.8868
   0.9217
   0.9488
   0.6400
   0.7864
   0.8533
   0.9113
   0.9510
   0.9732
   0.9838
   0.6287
   0.7925
   0.8874
   0.9497
   0.9698
   0.9808
   0.9876
   0.7366
   0.8269
   0.8677
   0.9142
   0.9462
   0.9689
   0.9832
   0.7724
   0.8884
   0.9406
   0.9602
   0.9777
   0.9868
   0.9918
   0.8070
   0.8543
   0.8792
   0.9052
   0.9380
   0.9591
   0.9755
   0.7746
   0.8920
   0.9204
   0.9432
   0.9681
   0.9803
   0.9874
   0.7686
   0.8300
   0.8711
   0.9228
   0.9537
   0.9719
   0.9828
   0.7058
   0.8078
   0.8806
   0.9184
   0.9451
   0.9678
   0.9798
   0.7412
   0.8411
   0.9090
   0.9417
   0.9648
   0.9779
   0.9865
   0.8648
   0.8784
   0.9196
   0.9514
   0.9707
   0.9820
   0.9883
   0.6818
   0.7931
   0.8547
   0.9001
   0.9357
   0.9564
   0.9746
   0.7046
   0.7747
   0.8645
   0.8988
   0.9324
   0.9579
   0.9734
   0.7464
   0.8717
   0.9128
   0.9416
   0.9638
   0.9785
   0.9870
   0.5751
   0.7697
   0.8481
   0.9116
   0.9444
   0.9675
   0.9792
   0.7039
   0.8161
   0.8596
   0.9056
   0.9359
   0.9568
   0.9723
   0.6288
   0.7707
   0.8217
   0.8695
   0.9043
   0.9391
   0.9601
   0.6861
   0.7672
   0.8240
   0.8834
   0.9345
   0.9628
   0.9769
   0.7577
   0.8803
   0.9382
   0.9595
   0.9738
   0.9826
   0.9893
   0.6472
   0.7917
   0.8099
   0.8888
   0.9451
   0.9682
   0.9792
   0.7516
   0.8101
   0.8621
   0.9195
   0.9538
   0.9738
   0.9846
   0.6863
   0.7654
   0.8323
   0.8920
   0.9352
   0.9564
   0.9724
   0.6385
   0.6868
   0.8123
   0.8874
   0.9285
   0.9510
   0.9656
   0.7575
   0.8232
   0.8760
   0.9243
   0.9526
   0.9691
   0.9809
   0.7520
   0.8226
   0.8929
   0.9247
   0.9247
   0.9687
   0.9807
   0.6595
   0.7449
   0.7970
   0.8465
   0.8781
   0.9143
   0.9436
   0.6666
   0.7799
   0.8592
   0.9029
   0.9462
   0.9665
   0.9815
   0.6801
   0.8091
   0.8965
   0.9405
   0.9606
   0.9771
   0.9856
   0.7254
   0.7976
   0.8423
   0.9012
   0.9420
   0.9637
   0.9808
   0.7602
   0.8812
   0.9262
   0.9569
   0.9736
   0.9840
   0.9900
   0.8066
   0.8299
   0.8666
   0.9024
   0.9281
   0.9534
   0.9709
   0.7161
   0.8526
   0.9252
   0.9468
   0.9673
   0.9786
   0.9863
   0.7071
   0.8257
   0.8784
   0.9209
   0.9522
   0.9698
   0.9809
   0.7350
   0.8483
   0.8831
   0.9046
   0.9353
   0.9562
   0.9741
   0.7387
   0.8501
   0.8947
   0.9361
   0.9636
   0.9757
   0.9846
   0.7976
   0.8420
   0.8818
   0.9194
   0.9485
   0.9740
   0.9850
   0.6804
   0.7494
   0.8347
   0.8848
   0.9252
   0.9525
   0.9692
   0.7095
   0.7967
   0.8618
   0.8975
   0.9296
   0.9537
   0.9701
   0.8085
   0.8277
   0.8896
   0.9296
   0.9559
   0.9736
   0.9854
   0.5349
   0.7511
   0.8399
   0.9107
   0.9442
   0.9606
   0.9758
   0.7216
   0.8277
   0.8668
   0.9026
   0.9349
   0.9553
   0.9709
   0.6603
   0.7511
   0.8388
   0.8846
   0.9139
   0.9334
   0.9554
   0.6819
   0.7815
   0.8476
   0.9040
   0.9353
   0.9546
   0.9693
   0.7785
   0.8969
   0.9434
   0.9601
   0.9735
   0.9810
   0.9868
   0.7042
   0.8126
   0.8668
   0.9049
   0.9359
   0.9551
   0.9699
   0.6802
   0.8294
   0.8754
   0.9318
   0.9521
   0.9679
   0.9804
   0.6919
   0.7928
   0.8238
   0.8840
   0.9236
   0.9515
   0.9686
   0.6267
   0.7400
   0.8041
   0.8714
   0.9247
   0.9494
   0.9659
   0.7578
   0.8022
   0.8978
   0.9309
   0.9561
   0.9716
   0.9834
   0.7551
   0.8216
   0.8810
   0.9190
   0.9443
   0.9637
   0.9768
   0.6705
   0.7288
   0.7906
   0.8427
   0.8879
   0.9186
   0.9454
   0.6842
   0.7852
   0.8432
   0.9074
   0.9405
   0.9681
   0.9811
   0.6268
   0.7783
   0.8565
   0.9429
   0.9648
   0.9786
   0.9855
   0.7516
   0.8323
   0.8721
   0.9079
   0.9422
   0.9628
   0.9744
   0.7712
   0.8930
   0.9409
   0.9593
   0.9779
   0.9866
   0.9916
   0.8124
   0.8500
   0.8850
   0.9042
   0.9243
   0.9456
   0.9650
   0.7755
   0.8927
   0.9203
   0.9420
   0.9624
   0.9735
   0.9828
   0.7662
   0.7940
   0.8766
   0.9229
   0.9541
   0.9702
   0.9813
   0.7286
   0.8381
   0.8804
   0.9162
   0.9426
   0.9642
   0.9778
   0.7478
   0.8596
   0.9067
   0.9394
   0.9640
   0.9755
   0.9842
   0.8643
   0.8792
   0.9282
   0.9555
   0.9694
   0.9792
   0.9852
   0.6777
   0.8106
   0.8440
   0.9010
   0.9375
   0.9592
   0.9722
   0.7072
   0.7771
   0.8550
   0.8964
   0.9235
   0.9524
   0.9677
   0.7971
   0.8733
   0.8997
   0.9385
   0.9610
   0.9746
   0.9845
   0.5815
   0.7759
   0.8581
   0.9052
   0.9401
   0.9598
   0.9764
   0.7611
   0.8347
   0.8808
   0.9058
   0.9266
   0.9455
   0.9631
   0.6327
   0.7804
   0.8252
   0.8663
   0.8974
   0.9291
   0.9480
   0.6830
   0.7464
   0.8237
   0.8829
   0.9206
   0.9471
   0.9671
   0.7672
   0.8822
   0.9365
   0.9602
   0.9734
   0.9811
   0.9878
   0.6487
   0.7668
   0.8217
   0.9001
   0.9278
   0.9590
   0.9748
   0.6911
   0.8092
   0.8467
   0.9192
   0.9482
   0.9684
   0.9816
   0.6891
   0.7703
   0.8198
   0.8870
   0.9290
   0.9536
   0.9708
   0.2899
   0.3932
   0.6271
   0.7527
   0.8382
   0.8841
   0.9225
   0.4155
   0.5222
   0.6695
   0.7472
   0.8105
   0.8823
   0.9158
   0.5261
   0.6366
   0.7731
   0.8388
   0.8388
   0.9313
   0.9586
   0.3617
   0.4737
   0.5797
   0.6833
   0.7469
   0.8136
   0.8727
   0.4543
   0.6179
   0.7340
   0.8070
   0.9063
   0.9449
   0.9692
   0.4819
   0.6945
   0.8348
   0.9051
   0.9368
   0.9627
   0.9775
   0.2970
   0.3807
   0.4633
   0.5850
   0.7195
   0.8253
   0.9012
   0.7593
   0.8842
   0.9293
   0.9593
   0.9754
   0.9854
   0.9910
   0.1341
   0.1968
   0.2963
   0.4180
   0.5612
   0.7116
   0.7988
   0.3581
   0.5400
   0.6702
   0.7803
   0.8449
   0.8931
   0.9272
   0.6617
   0.7921
   0.8612
   0.9047
   0.9407
   0.9650
   0.9784
   0.3461
   0.4526
   0.5351
   0.6394
   0.7535
   0.8221
   0.8842
   0.6517
   0.7813
   0.8483
   0.9017
   0.9380
   0.9562
   0.9725
   0.1989
   0.2837
   0.3526
   0.4312
   0.5625
   0.6982
   0.8403
   0.2109
   0.3508
   0.5225
   0.6078
   0.7594
   0.8329
   0.9066
   0.4544
   0.5639
   0.6703
   0.7634
   0.8251
   0.8845
   0.9341
   0.3736
   0.4405
   0.5578
   0.6622
   0.7501
   0.8286
   0.8920
   0.4072
   0.6915
   0.8001
   0.8861
   0.9289
   0.9515
   0.9702
   0.3894
   0.5719
   0.6517
   0.7363
   0.8084
   0.8570
   0.9080
   0.3645
   0.5218
   0.6366
   0.7049
   0.7733
   0.8271
   0.8865
   0.4365
   0.6222
   0.7227
   0.8203
   0.8843
   0.9192
   0.9486
   0.7234
   0.8554
   0.9162
   0.9414
   0.9624
   0.9726
   0.9792
   0.4651
   0.6479
   0.7423
   0.8082
   0.8639
   0.9027
   0.9304
   0.5274
   0.7268
   0.8147
   0.8938
   0.9273
   0.9532
   0.9717
   0.4597
   0.6403
   0.6989
   0.7997
   0.8660
   0.9177
   0.9450
   0.6253
   0.7427
   0.8370
   0.8804
   0.9166
   0.9488
   0.9679
   0.7726
   0.8246
   0.8927
   0.9301
   0.9611
   0.9754
   0.9835
   0.7480
   0.8038
   0.8888
   0.9156
   0.9450
   0.9669
   0.9800
   0.6714
   0.7383
   0.7885
   0.8254
   0.8827
   0.9165
   0.9442
   0.6651
   0.7729
   0.8375
   0.9111
   0.9434
   0.9678
   0.9805
   0.6641
   0.7769
   0.8797
   0.9372
   0.9686
   0.9786
   0.9858
   0.7444
   0.8087
   0.8716
   0.9155
   0.9431
   0.9658
   0.9793
   0.7695
   0.9019
   0.9313
   0.9595
   0.9751
   0.9849
   0.9903
   0.8135
   0.8489
   0.8770
   0.9079
   0.9285
   0.9596
   0.9728
   0.7853
   0.8844
   0.9175
   0.9413
   0.9635
   0.9779
   0.9863
   0.7490
   0.7985
   0.8691
   0.9156
   0.9500
   0.9684
   0.9798
   0.7364
   0.7935
   0.8769
   0.9219
   0.9454
   0.9631
   0.9767
   0.7453
   0.8561
   0.9060
   0.9410
   0.9609
   0.9750
   0.9841
   0.8385
   0.8693
   0.9081
   0.9481
   0.9694
   0.9805
   0.9883
   0.7310
   0.7816
   0.8622
   0.8957
   0.9330
   0.9582
   0.9724
   0.6456
   0.7697
   0.8545
   0.8890
   0.9230
   0.9533
   0.9690
   0.7706
   0.8699
   0.9136
   0.9378
   0.9629
   0.9770
   0.9849
   0.5866
   0.7536
   0.8458
   0.9005
   0.9397
   0.9628
   0.9771
   0.7543
   0.8235
   0.8676
   0.8965
   0.9280
   0.9505
   0.9673
   0.6292
   0.7863
   0.8147
   0.8722
   0.9003
   0.9314
   0.9538
   0.6830
   0.7908
   0.8306
   0.8886
   0.9348
   0.9575
   0.9728
   0.7598
   0.8945
   0.9386
   0.9574
   0.9741
   0.9825
   0.9875
   0.6851
   0.7322
   0.8264
   0.8984
   0.9397
   0.9650
   0.9780
   0.7481
   0.7935
   0.8549
   0.9123
   0.9504
   0.9723
   0.9823
   0.6825
   0.7902
   0.8523
   0.8858
   0.9260
   0.9535
   0.9701
