   0.2389
   0.4601
   0.6388
   0.7440
   0.8375
   0.8917
   0.9238
   0.4175
   0.4976
   0.6219
   0.6848
   0.7926
   0.8327
   0.8812
   0.5265
   0.6463
   0.7198
   0.8142
   0.8766
   0.9223
   0.9495
   0.3610
   0.4696
   0.5526
   0.6479
   0.7500
   0.8141
   0.8744
   0.4273
   0.6181
   0.7230
   0.8160
   0.9080
   0.9510
   0.9713
   0.2579
   0.6576
   0.8144
   0.9174
   0.9496
   0.9677
   0.9803
   0.2938
   0.4149
   0.4707
   0.5752
   0.6584
   0.7531
   0.8753
   0.7731
   0.8929
   0.9438
   0.9628
   0.9792
   0.9878
   0.9925
   0.1401
   0.2238
   0.2869
   0.3667
   0.5319
   0.6890
   0.7903
   0.4217
   0.5468
   0.5978
   0.6690
   0.8113
   0.8199
   0.8811
   0.7438
   0.7957
   0.8410
   0.9068
   0.9400
   0.9631
   0.9765
   0.3375
   0.4237
   0.5110
   0.5771
   0.6368
   0.7810
   0.8501
   0.6557
   0.7755
   0.8565
   0.8963
   0.9316
   0.9528
   0.9700
   0.2795
   0.3136
   0.3889
   0.4557
   0.5030
   0.6219
   0.7411
   0.1874
   0.3839
   0.4673
   0.5235
   0.6353
   0.7490
   0.8026
   0.4518
   0.5291
   0.6514
   0.7037
   0.7675
   0.8447
   0.8985
   0.2839
   0.4665
   0.5376
   0.6182
   0.6816
   0.7856
   0.8523
   0.4389
   0.7154
   0.8020
   0.8870
   0.9284
   0.9595
   0.9743
   0.3634
   0.5684
   0.6676
   0.7407
   0.8076
   0.8624
   0.9055
   0.3713
   0.5156
   0.5884
   0.6482
   0.7189
   0.7991
   0.8555
   0.4119
   0.5824
   0.6710
   0.7793
   0.8730
   0.9300
   0.9558
   0.6948
   0.8388
   0.9104
   0.9375
   0.9579
   0.9695
   0.9821
   0.2712
   0.5968
   0.6447
   0.7676
   0.8703
   0.9147
   0.9385
   0.5144
   0.6672
   0.7460
   0.8501
   0.9167
   0.9539
   0.9728
   0.4571
   0.5685
   0.6927
   0.7859
   0.8669
   0.9043
   0.9383
   0.2358
   0.4678
   0.6533
   0.7317
   0.8171
   0.8776
   0.9214
   0.4397
   0.5143
   0.6261
   0.6864
   0.7854
   0.8262
   0.8496
   0.5413
   0.6175
   0.7672
   0.8090
   0.8677
   0.9130
   0.9414
   0.3608
   0.4707
   0.5566
   0.6237
   0.7418
   0.8030
   0.8635
   0.4556
   0.5932
   0.7073
   0.8209
   0.8676
   0.9346
   0.9604
   0.3527
   0.6224
   0.8059
   0.8971
   0.9482
   0.9636
   0.9765
   0.2993
   0.3729
   0.4744
   0.5640
   0.6405
   0.7450
   0.8210
   0.7714
   0.9046
   0.9347
   0.9620
   0.9767
   0.9860
   0.9910
   0.1405
   0.2148
   0.2836
   0.3729
   0.4555
   0.6091
   0.7202
   0.4199
   0.5510
   0.6142
   0.6417
   0.7229
   0.8037
   0.8660
   0.7097
   0.7734
   0.8411
   0.8974
   0.9368
   0.9593
   0.9729
   0.3394
   0.4031
   0.5167
   0.5866
   0.6477
   0.7177
   0.8164
   0.6541
   0.7940
   0.8499
   0.8937
   0.9240
   0.9471
   0.9648
   0.2538
   0.2940
   0.3566
   0.4335
   0.4778
   0.5487
   0.6150
   0.2820
   0.3459
   0.4721
   0.5246
   0.6041
   0.6957
   0.7331
   0.4243
   0.5255
   0.6368
   0.6950
   0.7539
   0.8343
   0.8687
   0.3047
   0.4665
   0.5395
   0.5985
   0.6971
   0.7727
   0.8179
   0.4540
   0.6747
   0.8034
   0.8712
   0.9216
   0.9514
   0.9710
   0.4182
   0.5458
   0.6603
   0.7101
   0.7881
   0.8380
   0.8859
   0.3604
   0.5330
   0.5748
   0.6614
   0.7241
   0.7859
   0.8302
   0.4137
   0.6160
   0.6869
   0.7942
   0.8729
   0.9178
   0.9471
   0.7046
   0.8598
   0.9079
   0.9353
   0.9567
   0.9707
   0.9786
   0.3203
   0.4416
   0.6803
   0.7791
   0.8503
   0.9095
   0.9361
   0.5076
   0.6456
   0.7192
   0.8362
   0.9106
   0.9529
   0.9691
   0.4529
   0.6124
   0.7093
   0.7825
   0.8576
   0.9006
   0.9284
   0.2378
   0.4693
   0.5928
   0.7205
   0.8264
   0.8778
   0.9131
   0.4192
   0.4690
   0.6221
   0.6750
   0.7565
   0.7709
   0.8095
   0.5268
   0.6284
   0.7396
   0.8060
   0.8542
   0.8998
   0.9313
   0.3612
   0.4299
   0.5650
   0.6586
   0.7442
   0.7977
   0.8590
   0.4654
   0.6148
   0.6820
   0.8039
   0.8613
   0.9308
   0.9584
   0.2584
   0.6267
   0.7697
   0.9065
   0.9416
   0.9649
   0.9759
   0.2913
   0.4052
   0.4768
   0.5469
   0.6209
   0.6992
   0.7527
   0.7734
   0.8975
   0.9444
   0.9618
   0.9793
   0.9875
   0.9922
   0.1388
   0.2179
   0.2790
   0.3344
   0.3942
   0.4755
   0.6035
   0.4201
   0.5457
   0.5981
   0.6433
   0.6905
   0.7372
   0.8073
   0.7389
   0.7549
   0.8512
   0.9067
   0.9406
   0.9587
   0.9738
   0.3342
   0.4353
   0.5145
   0.5703
   0.6327
   0.6819
   0.7725
   0.6566
   0.8018
   0.8568
   0.8915
   0.9284
   0.9450
   0.9619
   0.2775
   0.3029
   0.3717
   0.4128
   0.4386
   0.4722
   0.5002
   0.2117
   0.3912
   0.4551
   0.5120
   0.5588
   0.6075
   0.6666
   0.4512
   0.5305
   0.6388
   0.7011
   0.7408
   0.8094
   0.8425
   0.3766
   0.4668
   0.5280
   0.5975
   0.6746
   0.7319
   0.7771
   0.4465
   0.7177
   0.8171
   0.8768
   0.9215
   0.9469
   0.9689
   0.4332
   0.5604
   0.6435
   0.7219
   0.7641
   0.8042
   0.8597
   0.3594
   0.5259
   0.5851
   0.6502
   0.6993
   0.7620
   0.8000
   0.4142
   0.5537
   0.6778
   0.7724
   0.8472
   0.8940
   0.9328
   0.7040
   0.8390
   0.9060
   0.9387
   0.9557
   0.9682
   0.9797
   0.2713
   0.5507
   0.6613
   0.7838
   0.8402
   0.8954
   0.9259
   0.4692
   0.6658
   0.7102
   0.8528
   0.9066
   0.9428
   0.9672
   0.4601
   0.5749
   0.6712
   0.7790
   0.8557
   0.8948
   0.9239
   -0.0000
   0.3793
   0.4577
   0.6130
   0.7149
   0.7656
   0.8376
   0.0351
   0.5070
   0.5274
   0.6555
   0.6819
   0.7294
   0.7807
   -0.0000
   0.5485
   0.6049
   0.7335
   0.7980
   0.8515
   0.9015
   -0.0000
   0.3603
   0.4749
   0.5671
   0.6466
   0.7239
   0.7807
   -0.0000
   0.4614
   0.5742
   0.7282
   0.8146
   0.8849
   0.9227
   -0.0000
   0.3601
   0.5446
   0.6113
   0.8692
   0.8859
   0.9573
   -0.0000
   0.3665
   0.3855
   0.5005
   0.5753
   0.6321
   0.7248
   -0.0000
   0.7079
   0.7098
   0.9271
   0.9518
   0.9768
   0.9840
   0.0001
   0.1901
   0.2080
   0.2735
   0.3890
   0.4238
   0.5847
   -0.0000
   0.4424
   0.4580
   0.6070
   0.6665
   0.6953
   0.7703
   0.0062
   0.6889
   0.8033
   0.8420
   0.8762
   0.8976
   0.9496
   0.0001
   0.3656
   0.4516
   0.5200
   0.5670
   0.6050
   0.6702
   -0.0000
   0.5795
   0.5958
   0.8273
   0.8532
   0.9261
   0.9402
   0.0097
   0.2764
   0.3096
   0.3691
   0.4362
   0.4609
   0.5098
   0.0394
   0.2367
   0.2706
   0.4202
   0.4829
   0.5327
   0.6446
   0.0000
   0.4483
   0.5809
   0.6196
   0.7146
   0.7453
   0.8141
   0.0003
   0.3673
   0.4215
   0.5647
   0.6217
   0.6857
   0.6999
   0.0000
   0.5027
   0.6691
   0.6957
   0.8810
   0.8955
   0.9531
   -0.0000
   0.4057
   0.4959
   0.6637
   0.7293
   0.7892
   0.8545
   0.0002
   0.4604
   0.4773
   0.5865
   0.6325
   0.6384
   0.7428
   -0.0000
   0.4060
   0.4830
   0.6637
   0.7735
   0.8479
   0.8603
   -0.0000
   0.6868
   0.7855
   0.8721
   0.9059
   0.9467
   0.9508
   0.0001
   0.5122
   0.6014
   0.6651
   0.7489
   0.8441
   0.8574
   -0.0000
   0.4920
   0.5325
   0.7194
   0.7811
   0.8939
   0.9051
   0.0001
   0.4447
   0.5804
   0.6742
   0.7581
   0.8325
   0.8791
   0.2358
   0.4678
   0.6533
   0.7317
   0.8171
   0.8776
   0.9214
   0.4397
   0.5143
   0.6261
   0.6864
   0.7854
   0.8262
   0.8496
   0.5413
   0.6175
   0.7672
   0.8090
   0.8677
   0.9130
   0.9414
   0.3608
   0.4707
   0.5566
   0.6237
   0.7418
   0.8030
   0.8635
   0.4556
   0.5932
   0.7073
   0.8209
   0.8676
   0.9346
   0.9604
   0.3527
   0.6224
   0.8059
   0.8971
   0.9482
   0.9636
   0.9765
   0.2993
   0.3729
   0.4744
   0.5640
   0.6405
   0.7450
   0.8210
   0.7714
   0.9046
   0.9347
   0.9620
   0.9767
   0.9860
   0.9910
   0.1405
   0.2148
   0.2836
   0.3729
   0.4555
   0.6091
   0.7202
   0.4199
   0.5510
   0.6142
   0.6417
   0.7229
   0.8037
   0.8660
   0.7097
   0.7734
   0.8411
   0.8974
   0.9368
   0.9593
   0.9729
   0.3394
   0.4031
   0.5167
   0.5866
   0.6477
   0.7177
   0.8164
   0.6541
   0.7940
   0.8499
   0.8937
   0.9240
   0.9471
   0.9648
   0.2538
   0.2940
   0.3566
   0.4335
   0.4778
   0.5487
   0.6150
   0.2820
   0.3459
   0.4721
   0.5246
   0.6041
   0.6957
   0.7331
   0.4243
   0.5255
   0.6368
   0.6950
   0.7539
   0.8343
   0.8687
   0.3047
   0.4665
   0.5395
   0.5985
   0.6971
   0.7727
   0.8179
   0.4540
   0.6747
   0.8034
   0.8712
   0.9216
   0.9514
   0.9710
   0.4182
   0.5458
   0.6603
   0.7101
   0.7881
   0.8380
   0.8859
   0.3604
   0.5330
   0.5748
   0.6614
   0.7241
   0.7859
   0.8302
   0.4137
   0.6160
   0.6869
   0.7942
   0.8729
   0.9178
   0.9471
   0.7046
   0.8598
   0.9079
   0.9353
   0.9567
   0.9707
   0.9786
   0.3203
   0.4416
   0.6803
   0.7791
   0.8503
   0.9095
   0.9361
   0.5076
   0.6456
   0.7192
   0.8362
   0.9106
   0.9529
   0.9691
   0.4529
   0.6124
   0.7093
   0.7825
   0.8576
   0.9006
   0.9284