109.934
166.120
217.229
263.600
306.561
341.667
377.553
149.615
195.403
241.955
297.671
325.344
373.709
404.891
162.622
217.817
256.630
304.559
340.281
383.693
425.579
182.648
214.950
247.814
284.576
326.723
362.719
401.695
154.158
213.630
258.083
309.385
364.888
412.385
451.171
185.313
245.040
296.896
350.752
384.893
415.798
451.693
121.696
210.646
255.731
314.312
366.740
419.119
473.280
181.048
234.288
286.627
321.855
364.275
404.947
448.068
115.266
182.203
213.640
270.169
320.443
359.105
401.714
162.009
221.233
271.335
327.664
376.160
438.994
487.592
198.841
225.740
259.809
298.814
336.512
374.693
414.136
117.650
215.278
268.409
316.886
355.400
402.638
441.750
198.646
244.567
291.174
334.481
374.372
416.998
456.715
156.121
194.197
253.058
297.973
349.552
392.093
428.892
152.905
207.511
247.715
290.674
337.736
370.191
409.218
197.292
215.372
259.973
293.095
334.105
370.703
408.904
148.347
222.964
272.306
324.105
374.556
426.467
448.884
157.686
218.972
250.710
295.045
330.054
367.301
400.509
176.625
222.097
247.869
289.489
324.502
360.272
399.248
180.392
244.150
273.474
315.821
360.327
403.247
454.295
163.829
209.735
239.939
279.891
326.028
362.243
394.185
195.345
254.376
306.196
347.533
389.047
436.526
488.740
150.790
188.550
227.501
279.217
334.328
377.051
417.521
180.681
196.990
248.305
296.276
341.756
383.310
424.785
192.206
238.910
283.962
333.676
383.686
422.884
450.596
93.912
150.196
184.287
223.599
250.691
296.124
338.323
143.367
192.028
222.434
258.634
293.279
312.232
349.443
156.819
209.685
253.870
288.539
288.539
355.431
393.494
179.261
210.731
242.116
268.969
297.063
334.593
381.313
166.540
209.181
255.189
292.544
333.634
381.617
431.547
173.032
206.104
243.003
280.118
317.362
364.591
410.911
132.102
200.361
247.309
292.537
340.926
385.613
435.984
172.282
221.196
258.958
296.201
327.697
369.368
415.158
124.627
163.237
210.583
250.832
286.410
325.721
367.692
144.693
225.699
280.436
306.659
344.155
386.535
436.998
175.319
218.472
254.793
289.423
329.319
364.450
401.471
156.426
220.470
258.500
262.237
305.415
349.413
403.092
188.538
231.337
267.706
307.928
349.692
385.355
423.789
106.248
147.196
187.936
239.522
287.869
345.156
397.471
142.884
187.505
231.704
256.896
294.870
331.045
370.268
175.536
205.460
236.838
266.767
306.060
344.999
382.516
160.261
181.299
230.879
279.972
339.481
393.501
434.952
152.958
203.308
242.243
281.918
315.327
335.354
372.337
165.780
207.728
233.424
271.501
309.907
341.106
379.221
190.442
209.335
262.037
288.282
321.191
354.436
406.515
164.516
190.257
216.618
256.536
284.046
311.116
347.236
178.674
247.545
298.128
316.220
334.486
357.001
403.102
156.056
174.077
200.919
233.294
262.557
292.285
334.330
142.659
186.578
208.591
243.918
276.517
311.843
355.181
193.071
237.528
264.775
303.329
349.833
396.996
436.377
113.099
166.907
207.004
256.735
303.151
340.697
377.428
156.316
192.804
251.457
293.735
332.968
370.591
416.152
178.433
220.066
262.531
297.244
337.050
376.691
423.152
182.823
206.497
246.310
287.770
324.983
359.164
399.276
150.951
214.387
230.841
301.887
348.339
405.342
450.529
185.297
237.047
287.052
347.133
379.183
412.824
451.786
153.568
204.278
248.336
288.991
343.187
401.693
448.277
186.818
236.892
289.334
322.132
365.423
405.058
450.068
129.680
145.951
173.253
232.869
272.587
329.254
377.673
177.936
225.922
264.888
319.422
372.506
412.785
476.720
192.306
219.098
262.779
300.465
336.572
373.212
413.045
170.245
224.027
270.414
314.675
355.086
396.984
443.929
203.440
253.842
291.653
333.173
373.246
414.325
457.521
154.142
193.713
255.758
286.257
318.084
352.351
388.180
150.944
215.679
249.037
272.825
323.692
369.579
404.318
196.571
213.497
262.876
294.514
330.175
370.192
405.937
172.309
221.731
258.282
319.661
367.140
416.529
453.469
156.557
220.795
257.495
292.850
327.225
360.358
397.950
171.692
210.953
248.797
284.990
315.034
342.150
383.324
180.683
248.056
276.913
312.898
354.369
404.171
451.568
164.974
202.575
242.844
275.935
317.727
358.317
397.096
198.092
256.006
304.969
345.186
387.862
431.438
482.324
151.378
194.235
225.918
284.615
331.951
388.953
432.862
139.369
199.072
242.548
298.380
343.150
387.255
430.192
192.174
239.732
273.364
330.769
380.714
421.575
447.446
15.584
118.523
156.567
209.199
253.039
270.331
314.888
40.715
148.641
151.978
252.855
265.755
340.962
371.448
43.620
133.813
157.845
254.312
281.132
336.284
376.508
39.676
169.358
214.651
248.154
267.774
316.752
350.494
36.332
135.168
156.136
241.602
268.464
352.660
379.416
33.176
155.311
182.915
245.301
319.596
340.145
421.287
49.849
155.582
159.914
239.738
276.601
333.221
386.777
61.088
148.025
147.635
268.805
284.516
366.989
397.589
59.866
150.724
164.046
192.384
249.430
265.242
345.682
62.712
157.793
159.310
265.194
281.853
357.871
384.324
45.256
159.341
212.182
257.305
277.345
294.469
378.067
60.395
169.786
224.952
263.335
308.128
329.105
392.822
64.074
153.619
156.330
267.086
276.965
372.151
395.852
22.751
147.554
165.007
215.767
283.485
328.648
379.847
11.845
152.109
156.697
195.795
252.718
269.714
342.350
59.162
148.713
221.574
248.571
296.498
318.565
375.197
37.860
175.063
189.457
267.478
325.527
358.919
380.025
47.754
152.911
195.443
198.116
282.386
290.121
371.568
56.118
174.478
189.854
248.126
273.156
313.291
356.555
104.309
217.170
218.639
253.208
312.188
314.375
389.512
14.368
140.724
181.392
231.171
266.528
322.598
343.014
40.117
133.799
181.197
267.444
304.828
376.969
397.242
25.001
137.360
163.344
224.210
268.208
312.413
366.676
36.936
115.332
114.427
174.233
245.431
336.431
366.232
37.633
170.350
208.627
272.803
317.131
379.152
418.717
113.161
173.607
218.080
253.840
295.346
339.510
377.195
157.596
198.332
239.236
284.817
336.067
370.223
412.079
175.159
202.845
263.375
288.438
327.195
377.887
422.152
178.973
215.354
244.289
273.448
312.483
352.529
391.176
169.531
207.416
251.995
310.846
349.670
400.229
449.453
173.250
229.969
292.623
333.430
378.637
411.410
451.316
147.486
192.806
258.919
308.576
353.296
412.642
463.482
185.165
236.400
270.086
317.374
354.441
399.476
442.047
130.345
172.698
210.925
263.641
303.851
360.691
399.956
174.398
240.007
281.205
318.317
372.828
428.861
481.510
176.624
210.299
247.101
292.073
334.042
370.246
406.115
171.068
209.910
263.998
316.317
354.448
393.036
440.813
201.489
244.905
286.165
327.388
364.931
407.882
450.213
145.707
182.766
235.842
297.233
341.440
388.188
436.621
170.662
202.693
247.204
278.386
332.162
364.220
407.401
156.170
209.868
247.308
280.543
319.981
364.357
403.659
151.243
220.245
272.576
306.771
361.753
420.055
447.553
158.282
211.882
250.575
276.229
322.563
362.137
399.961
169.014
208.569
255.700
279.164
310.543
351.689
387.758
180.559
245.681
267.734
312.048
349.267
397.577
440.538
164.800
218.227
239.570
283.595
317.129
352.912
398.762
192.538
272.817
299.867
339.425
381.956
430.572
483.450
157.624
184.598
228.064
271.856
325.572
373.573
423.745
178.918
203.336
247.391
292.671
331.468
384.969
427.084
190.114
240.494
296.056
325.913
368.163
418.196
445.162