167.056
223.948
273.222
319.071
358.144
389.323
423.125
211.847
257.316
297.602
340.103
362.543
402.313
420.275
200.115
261.012
295.741
336.896
364.877
395.405
419.547
190.521
223.332
254.134
287.043
327.515
357.667
390.565
188.253
239.477
285.949
334.616
381.371
416.512
443.668
239.561
301.423
352.594
395.245
423.170
447.966
470.630
134.470
209.043
258.221
312.405
358.033
392.899
426.898
214.893
263.497
314.717
349.778
383.485
411.064
436.368
127.223
197.816
232.554
290.711
341.413
375.617
409.829
159.625
210.762
262.249
329.429
373.278
412.033
433.763
200.997
231.958
279.265
314.568
345.324
372.993
397.182
112.622
203.229
264.727
313.016
348.166
384.220
408.626
204.809
248.122
294.264
332.717
364.147
391.271
417.260
227.858
265.019
330.270
368.137
413.751
444.057
470.094
191.983
237.429
279.329
323.936
372.064
400.353
430.266
187.999
210.234
254.690
284.552
328.366
359.417
390.393
209.699
265.756
310.204
357.558
393.795
435.605
465.868
179.893
251.362
281.932
324.568
361.791
397.640
423.852
190.789
241.435
267.187
311.365
344.999
379.812
411.899
125.559
193.016
221.221
256.216
295.568
327.046
360.087
203.779
249.270
280.397
319.206
361.836
390.034
411.733
227.763
277.377
315.361
347.709
374.504
405.419
425.929
183.264
214.207
256.487
304.108
346.009
375.031
399.055
209.769
226.192
279.040
319.982
353.721
383.599
405.783
197.610
244.256
287.783
328.917
362.754
391.739
421.437
145.698
202.791
231.453
267.785
292.117
338.066
381.764
198.175
251.443
282.900
309.912
337.541
351.592
381.072
189.838
245.802
294.405
322.455
322.455
373.560
400.338
188.102
217.223
249.029
273.732
300.227
334.012
374.969
191.454
238.691
281.447
319.023
349.315
391.523
426.253
232.877
261.149
291.825
324.011
366.058
406.399
443.273
139.838
201.962
253.949
296.358
339.649
378.541
411.399
196.880
246.068
286.759
319.886
344.376
379.599
412.322
135.412
178.602
226.603
270.206
305.469
344.225
380.836
145.389
230.521
278.262
300.759
327.707
367.509
408.178
185.361
225.090
266.617
304.075
336.689
363.380
388.395
125.768
199.319
253.803
262.826
299.552
342.470
385.329
184.798
229.226
268.013
303.315
338.650
367.582
392.161
199.479
235.540
272.699
320.050
365.205
412.318
453.590
180.686
227.604
271.514
300.296
334.783
365.301
403.405
159.375
185.675
225.029
262.168
298.687
334.580
366.678
219.498
238.960
282.038
319.885
370.202
414.611
444.167
170.684
224.490
271.972
309.570
341.194
357.634
391.096
176.023
220.018
250.186
289.673
325.527
356.653
390.724
98.136
154.094
210.027
236.212
267.446
296.245
330.236
205.431
235.571
257.032
289.717
316.693
338.926
373.159
202.387
266.188
310.546
322.549
337.850
354.483
383.056
173.744
194.937
222.096
253.053
281.948
307.644
341.895
174.455
210.574
226.072
258.695
299.022
326.465
358.816
201.282
243.262
270.676
302.513
341.577
375.644
405.675
168.827
223.132
265.836
313.145
355.020
390.237
423.433
215.132
255.042
303.843
341.873
374.479
398.256
425.742
225.567
265.109
301.300
329.131
363.377
393.029
419.430
190.913
214.088
254.217
289.986
325.779
354.361
386.906
175.297
243.373
256.060
327.955
368.784
412.174
441.833
246.843
297.115
349.110
393.307
414.528
441.970
471.061
155.574
202.798
246.547
283.463
329.925
375.678
408.633
223.013
266.443
319.590
351.888
385.714
411.072
438.434
139.535
149.721
186.001
249.490
290.350
343.301
387.862
181.680
208.471
249.610
311.819
356.246
391.994
426.883
199.929
236.545
282.555
315.514
345.672
370.869
397.602
153.147
218.622
268.126
310.798
346.845
376.815
408.558
208.684
257.100
295.155
331.993
361.375
390.947
418.425
230.463
268.769
326.067
349.779
373.241
401.380
426.051
195.247
246.930
285.410
290.349
343.685
389.816
417.978
189.127
210.793
253.622
285.634
320.998
357.296
384.501
226.213
266.548
303.435
352.639
387.955
420.593
454.296
181.615
251.066
289.214
325.398
360.660
391.700
422.835
182.482
227.326
263.647
302.629
332.870
359.117
396.234
131.000
196.152
226.609
255.751
285.586
327.494
355.352
204.596
242.453
284.701
314.581
354.286
390.234
415.515
229.587
279.007
317.392
343.649
375.936
402.649
428.078
184.439
221.310
251.396
307.924
347.965
383.918
410.757
164.336
229.941
274.984
322.923
358.307
389.382
410.014
200.819
245.839
278.713
327.096
363.274
392.228
425.226
88.523
176.715
212.772
265.281
313.354
325.395
364.614
106.202
199.128
202.981
304.661
311.676
372.300
401.370
94.553
173.228
207.674
295.814
323.118
371.168
401.538
56.180
175.910
211.513
248.164
261.469
315.473
338.823
75.280
165.197
189.488
268.515
290.304
372.072
391.295
89.733
207.844
241.280
297.664
368.945
388.186
456.843
68.330
159.396
166.561
238.200
273.064
322.908
364.290
90.266
177.369
176.898
296.404
303.194
387.125
403.219
76.906
163.450
178.949
216.810
267.344
282.895
356.343
78.374
175.723
180.535
268.915
291.573
350.402
374.207
74.086
172.621
205.768
267.576
278.515
296.046
370.475
65.212
169.668
212.148
253.672
295.253
318.871
368.446
68.464
164.093
165.583
267.121
271.502
364.417
377.153
107.423
230.442
250.966
281.022
357.810
384.387
434.197
71.244
194.929
200.779
233.416
290.482
300.865
367.912
55.615
139.080
202.512
234.424
286.689
299.635
362.442
100.399
226.694
238.680
302.482
355.655
382.366
397.464
75.969
173.557
201.779
205.393
297.966
301.640
397.640
66.696
186.698
207.471
264.539
293.932
338.943
376.158
39.332
162.333
163.762
193.031
246.111
247.619
304.350
73.885
176.403
200.984
271.095
299.304
357.859
376.434
83.599
164.194
187.848
288.547
315.841
369.024
385.344
73.285
158.456
171.027
247.538
288.410
319.330
366.359
84.277
154.199
153.209
195.374
274.371
350.233
376.136
59.759
177.025
202.899
270.747
305.651
363.592
398.949
169.060
227.746
273.148
312.348
348.700
389.138
422.783
216.818
251.468
297.631
332.536
375.977
399.533
423.388
221.028
246.241
300.882
322.721
356.460
391.551
419.469
184.278
225.355
247.598
280.974
313.214
348.815
382.881
198.280
236.415
281.368
336.145
369.433
407.414
442.466
232.706
290.453
349.819
382.529
417.175
445.573
474.082
146.846
194.118
258.713
306.262
346.346
387.199
422.884
221.535
261.788
300.665
345.072
372.585
409.945
436.709
139.325
193.874
230.225
282.674
324.585
373.916
407.658
172.641
233.241
285.015
310.028
361.898
404.757
436.710
185.492
219.516
261.415
309.345
341.434
371.961
395.250
152.821
202.925
260.708
311.940
342.988
375.810
409.265
208.629
248.409
287.618
326.897
357.761
388.692
415.014
229.158
261.441
317.464
371.688
404.409
440.873
472.217
206.978
238.144
283.632
316.553
366.254
393.901
430.298
145.124
205.641
241.399
270.511
309.710
352.027
383.635
210.372
268.823
311.259
340.473
384.692
428.667
460.207
181.693
241.288
281.608
306.885
351.877
393.513
424.579
180.083
224.748
273.732
299.200
330.157
369.741
401.479
129.200
194.545
215.931
254.400
282.976
322.270
347.579
204.947
254.212
281.213
324.642
352.181
381.371
417.158
224.425
294.732
311.988
342.278
372.139
400.326
429.099
184.445
210.284
251.546
294.951
340.414
373.848
406.857
211.990
238.015
276.196
319.188
347.137
384.212
410.069
199.992
243.445
297.754
325.471
354.193
395.623
422.942