5.08333
4.75000
4.00000
3.22222
2.19444
5.55556
5.18919
4.30556
3.16216
2.19444
5.91429
5.58333
3.76471
3.75676
2.85714
5.51351
5.24324
4.48571
3.80556
2.22222
4.97436
4.10000
3.84615
3.82500
3.61538
5.97436
5.35897
5.23077
4.35897
3.92105
4.69048
4.07500
3.52381
3.14286
2.95238
6.02439
5.78571
4.42857
4.12195
2.90476
5.27500
5.26829
4.53846
4.05128
3.14634
5.27500
5.25000
4.75610
4.10000
3.17073
5.32432
5.11429
4.40541
3.14286
2.68571
5.63889
5.27778
4.16216
3.56757
2.97297
5.58140
5.19048
4.31818
3.62222
2.83721
5.93333
5.23256
4.65116
4.14286
2.65909
5.50000
4.64516
4.16667
3.45161
2.38710
5.61290
5.45161
4.16129
3.06250
2.37500
4.87879
4.75000
4.12903
3.66667
2.70968
5.71875
5.78788
5.50000
4.09375
2.71875
5.54054
5.02564
4.46154
4.00000
3.05263
5.97368
4.87179
4.48649
4.02778
3.25641
5.56757
4.80000
4.52778
3.94118
2.75676
5.56757
5.40541
4.89189
3.64865
2.52778
4.69444
4.39474
4.18421
3.18919
3.02778
5.25000
5.13158
4.56757
3.50000
2.62162
5.72500
5.31707
4.64286
3.41463
2.82927
5.42857
4.78049
3.97674
2.93023
2.41860
5.72222
5.44444
4.27778
3.61111
2.91892
5.40541
5.37143
5.05556
3.97143
3.27778
4.81395
3.93023
3.61364
2.91111
2.44444
6.33333
5.80000
5.38636
4.48889
3.71111
5.47500
4.75000
4.35000
3.66667
3.10256
5.61538
5.35000
4.94595
3.97368
2.77500
5.71795
4.65789
3.89744
3.20513
2.47368
5.97500
5.61538
4.34211
3.58974
2.89744
5.57143
4.92857
4.21429
3.40476
3.00000
5.71429
4.40476
3.68293
2.95238
2.33333
5.37838
4.67568
3.88889
3.19444
2.60526
5.73684
5.32432
4.40000
3.94737
2.75676
5.28205
4.72973
4.47368
3.73684
3.28205
6.00000
5.10526
4.52632
4.10811
3.72973
5.02439
4.45000
4.16667
3.59524
3.16667
5.35714
5.47619
4.44186
3.37209
3.00000
5.58974
5.08108
4.57895
3.89474
2.74359
5.92308
5.35135
4.89744
4.44737
2.89474
4.97059
3.84848
3.68571
3.44118
2.78788
6.17647
5.88571
5.02941
4.64706
4.00000
5.52778
4.57143
4.08824
2.88571
2.44444
5.77143
5.02941
4.61765
3.33333
2.74286
3.50000
3.14286
3.03030
2.71429
2.74286
4.80556
4.25000
3.79412
3.40000
2.79412
