0.6874
0.5658
0.4882
0.3993
0.3149
0.6022
0.4922
0.4478
0.3459
0.2873
0.6353
0.5507
0.4840
0.4047
0.3565
0.5962
0.5236
0.4270
0.3412
0.2891
0.7346
0.6442
0.5397
0.4379
0.3648
0.7006
0.5998
0.5047
0.4080
0.3161
0.6999
0.6041
0.4983
0.4124
0.3214
0.7160
0.6304
0.5579
0.4578
0.3535
0.6802
0.5856
0.4697
0.3901
0.3149
0.6641
0.5709
0.4680
0.3549
0.2664
0.6927
0.5979
0.5249
0.4522
0.3609
0.6194
0.5352
0.4219
0.3910
0.3193
0.6983
0.5925
0.4948
0.4095
0.2846
0.6918
0.5963
0.4863
0.3892
0.3289
0.6420
0.5515
0.4700
0.3986
0.3357
0.6062
0.4949
0.3711
0.3226
0.2166
0.6686
0.5829
0.4649
0.3445
0.2310
0.6727
0.5783
0.4806
0.3958
0.3314
0.6910
0.6126
0.5193
0.4530
0.3670
0.7054
0.6089
0.5381
0.4469
0.3668
0.6984
0.6246
0.5283
0.4405
0.3285
0.6618
0.5622
0.4628
0.3795
0.2845
0.6374
0.5370
0.4432
0.3388
0.2653
0.6880
0.5923
0.4938
0.3919
0.2951
0.8589
0.8232
0.7895
0.7542
0.6957
0.6840
0.6774
0.5486
0.7013
0.6862
0.3953
0.4033
0.2738
0.4400
0.4418
0.7457
0.7357
0.6213
0.7613
0.7530
0.5110
0.5203
0.4102
0.5397
0.5246
0.1529
0.1740
0.0000
0.1533
0.1518
0.6135
0.6070
0.4749
0.6202
0.6034
0.2985
0.2424
0.2259
0.2953
0.2952
0.7048
0.6887
0.6478
0.7323
0.7205
0.4699
0.4366
0.3131
0.4509
0.4645
0.7746
0.7578
0.6873
0.7896
0.7766
0.5493
0.5275
0.4861
0.5578
0.5479
0.2574
0.2464
0.0000
0.2431
0.2668
0.6333
0.6128
0.5345
0.6596
0.6494
0.3178
0.3360
0.3019
0.3272
0.3434
0.7060
0.7055
0.6335
0.7220
0.7091
0.4910
0.4918
0.3378
0.4722
0.4930
0.7659
0.7648
0.6946
0.7851
0.7727
0.5631
0.5675
0.4746
0.5744
0.5554
0.2975
0.2800
0.0000
0.2810
0.3040
0.6388
0.5675
0.5383
0.6529
0.6326
0.3865
0.3832
0.2868
0.3878
0.3742
0.6197
0.6015
0.5491
0.6248
0.6089
0.3958
0.4046
0.3332
0.3953
0.3913
0.6879
0.6733
0.6127
0.6944
0.6796
0.4732
0.4700
0.4066
0.4691
0.4522
0.2553
0.2561
0.0000
0.2564
0.2515
0.5502
0.5284
0.4664
0.5490
0.5371
0.3046
0.3228
0.2468
0.3298
0.3318
0.7256
0.7114
0.6403
0.7403
0.7211
0.4366
0.4528
0.3051
0.4454
0.4338
0.7919
0.7829
0.6865
0.8006
0.7836
0.5497
0.5374
0.4344
0.5512
0.5599
0.2298
0.2337
0.0000
0.2153
0.2381
0.6371
0.6388
0.5141
0.6542
0.6394
0.3537
0.3578
0.2265
0.3528
0.3338
0.7727
0.7792
0.5952
0.7909
0.7779
0.4339
0.5216
0.2962
0.4831
0.4649
0.8242
0.8273
0.7623
0.8418
0.8281
0.6197
0.6405
0.3501
0.6447
0.6094
0.1536
0.2346
0.0000
0.1549
0.1922
0.7010
0.7074
0.5599
0.7288
0.7173
0.3207
0.3641
0.1958
0.3440
0.3092
0.6827
0.7198
0.6321
0.7321
0.7169
0.4359
0.4164
0.3173
0.4383
0.4386
0.7797
0.7633
0.6913
0.7931
0.7842
0.5400
0.5119
0.4663
0.5496
0.5515
0.2388
0.2383
0.0000
0.2274
0.2360
0.6396
0.6129
0.5270
0.6417
0.6379
0.3550
0.3309
0.3008
0.3608
0.3164
0.7478
0.7323
0.6775
0.7531
0.7389
0.5433
0.5049
0.2749
0.5396
0.5155
0.8047
0.7906
0.7355
0.8075
0.7910
0.5953
0.5898
0.5093
0.6000
0.5981
0.2966
0.2848
0.0000
0.2982
0.2974
0.6842
0.6695
0.5906
0.6860
0.6735
0.4345
0.4207
0.2741
0.4278
0.4470
0.6343
0.6092
0.5444
0.6520
0.6603
0.3244
0.3160
0.2343
0.3471
0.3391
0.7175
0.6851
0.6551
0.7285
0.7305
0.4316
0.4202
0.3424
0.4611
0.4612
0.1436
0.1313
0.0000
0.1378
0.1449
0.5368
0.5104
0.4641
0.5705
0.5485
0.2272
0.2096
0.2070
0.2509
0.2374
0.7421
0.7178
0.6557
0.7517
0.7402
0.5177
0.5091
0.2998
0.5042
0.5026
0.7932
0.7746
0.6955
0.8084
0.7981
0.5955
0.5741
0.5097
0.5863
0.5876
0.2636
0.2124
0.0000
0.2647
0.2588
0.6795
0.6541
0.5454
0.6628
0.6749
0.4170
0.3858
0.2926
0.4228
0.4236
0.6591
0.6504
0.5641
0.6625
0.6475
0.4402
0.4400
0.3790
0.4294
0.4258
0.7164
0.7078
0.6606
0.7226
0.7040
0.5168
0.5125
0.4573
0.5170
0.5055
0.3066
0.2542
0.0000
0.3114
0.2882
0.5952
0.5889
0.5062
0.5927
0.5864
0.3379
0.3657
0.2789
0.3696
0.3469
0.6609
0.6215
0.5715
0.6671
0.6573
0.4127
0.4137
0.3534
0.4118
0.4156
0.7268
0.6933
0.6479
0.7280
0.7199
0.5039
0.4679
0.4231
0.4987
0.5133
0.2165
0.2256
0.0000
0.2287
0.2183
0.5892
0.5530
0.5153
0.5902
0.5932
0.3247
0.3321
0.2412
0.3023
0.2876
0.7288
0.7192
0.6624
0.7387
0.7261
0.5155
0.4969
0.2719
0.5239
0.5120
0.7835
0.7724
0.7072
0.7926
0.7777
0.5933
0.5833
0.4783
0.6020
0.5906
0.3060
0.2980
0.0000
0.3043
0.3050
0.6701
0.6640
0.5328
0.6730
0.6593
0.4428
0.4330
0.2548
0.4135
0.4277
0.7479
0.6740
0.6827
0.7432
0.7394
0.5012
0.4104
0.4000
0.4868
0.4652
0.8066
0.7451
0.7434
0.7960
0.7989
0.5987
0.4883
0.5031
0.5864
0.5833
0.3380
0.2347
0.0000
0.3429
0.3143
0.6748
0.5742
0.5859
0.6732
0.6721
0.3919
0.3340
0.3366
0.3860
0.3832
0.6605
0.6072
0.4963
0.6607
0.6457
0.3827
0.3620
0.2092
0.4110
0.3908
0.7300
0.6805
0.6104
0.7291
0.7230
0.4664
0.4328
0.3287
0.4837
0.4702
0.1507
0.1643
0.0000
0.1519
0.2086
0.5190
0.5771
0.4211
0.5844
0.5767
0.3193
0.2610
0.1770
0.2919
0.2791
0.6611
0.6392
0.5846
0.6690
0.6550
0.4377
0.4150
0.3760
0.4441
0.4278
0.7251
0.7037
0.6618
0.7281
0.7201
0.5172
0.4957
0.4292
0.5180
0.5028
0.2608
0.2574
0.0000
0.2608
0.2511
0.5858
0.5647
0.5225
0.5918
0.5709
0.3256
0.3415
0.2506
0.3241
0.3221
0.7678
0.7400
0.6744
0.7790
0.7722
0.4849
0.4734
0.3510
0.5112
0.5050
0.8328
0.8119
0.7357
0.8386
0.8312
0.6051
0.5747
0.5338
0.6112
0.5923
0.3143
0.3206
0.0000
0.2462
0.2615
0.6945
0.6640
0.6278
0.6976
0.6925
0.4138
0.3685
0.3009
0.4187
0.4161
0.6565
0.6755
0.5648
0.6928
0.6716
0.4278
0.4209
0.3212
0.4160
0.4142
0.7324
0.7477
0.6862
0.7538
0.7377
0.5083
0.5285
0.3505
0.5177
0.5011
0.1775
0.1536
0.0000
0.1748
0.1836
0.5927
0.6121
0.5304
0.6036
0.5909
0.3290
0.3074
0.2051
0.3272
0.3083
0.6313
0.6416
0.5414
0.6499
0.6393
0.4256
0.3910
0.2579
0.3997
0.4173
0.7042
0.7101
0.6360
0.7194
0.7077
0.4976
0.4813
0.4197
0.4910
0.4870
0.2231
0.1909
0.0000
0.1811
0.2154
0.5644
0.5685
0.4603
0.5773
0.5642
0.3337
0.3213
0.2108
0.3224
0.3191
0.6165
0.6000
0.5017
0.6295
0.6169
0.4116
0.4208
0.3156
0.4089
0.3946
0.6698
0.6594
0.6156
0.6907
0.6757
0.4858
0.4860
0.4152
0.4911
0.4872
0.2089
0.2116
0.0000
0.2145
0.2084
0.5481
0.5456
0.4897
0.5581
0.5527
0.3513
0.3068
0.2964
0.3461
0.3658
0.6582
0.7000
0.5863
0.7186
0.6975
0.4133
0.4453
0.2913
0.4113
0.4157
0.7302
0.7594
0.6139
0.7825
0.7600
0.5050
0.5579
0.3990
0.5104
0.5200
0.2293
0.2409
0.0000
0.2246
0.2288
0.5874
0.6417
0.5094
0.6230
0.6238
0.3152
0.3484
0.2246
0.3408
0.3664
0.7559
0.7624
0.6855
0.7675
0.7638
0.5751
0.5847
0.4015
0.5786
0.5731
0.8035
0.8087
0.6998
0.8213
0.8035
0.6538
0.6515
0.5122
0.6506
0.6417
0.3304
0.3319
0.0000
0.3297
0.3209
0.7097
0.7157
0.5844
0.7134
0.7116
0.4731
0.3170
0.4586
0.4899
0.4613
0.7034
0.7104
0.6164
0.7482
0.7321
0.4092
0.4515
0.3740
0.3908
0.4188
0.7724
0.7661
0.6472
0.8024
0.7918
0.5425
0.5443
0.4280
0.5176
0.5318
0.2081
0.2808
0.0000
0.2066
0.2485
0.6041
0.6418
0.4964
0.6646
0.6441
0.3281
0.3708
0.2903
0.3440
0.3114
0.7179
0.7261
0.6457
0.7421
0.7314
0.4363
0.4676
0.2655
0.4583
0.4519
0.7817
0.7815
0.6770
0.8005
0.7870
0.5666
0.5815
0.3995
0.5693
0.5561
0.2408
0.2658
0.0000
0.2869
0.2831
0.6463
0.6591
0.4987
0.6630
0.6504
0.3815
0.3958
0.2524
0.3781
0.3654
0.7016
0.6915
0.6452
0.7083
0.7003
0.4554
0.4620
0.3692
0.4681
0.4841
0.7640
0.7496
0.7107
0.7670
0.7602
0.5561
0.5479
0.4698
0.5607
0.5524
0.2871
0.2830
0.0000
0.2831
0.2811
0.6377
0.6158
0.5477
0.6476
0.6308
0.3767
0.4129
0.2694
0.3742
0.4004