338.300
277.444
241.921
195.871
151.606
322.893
280.048
251.340
234.908
177.209
325.466
280.506
247.613
212.762
154.646
296.885
256.211
230.910
179.672
139.998
436.845
366.088
308.525
250.713
208.743
365.741
321.128
296.950
252.134
212.594
342.728
284.666
228.486
185.279
149.401
430.831
362.992
319.119
264.379
217.786
352.778
299.674
248.229
194.832
158.158
334.697
289.834
240.084
186.945
150.758
379.266
311.020
274.514
221.372
171.093
312.160
275.525
222.801
205.388
160.918
405.269
347.142
304.450
260.866
205.476
373.506
314.923
255.402
214.679
161.370
407.930
362.974
345.777
289.841
231.730
303.977
272.410
225.698
182.317
153.411
365.366
298.965
238.171
198.009
167.692
395.549
336.595
275.166
247.255
197.074
385.096
322.213
275.407
227.292
184.633
337.824
289.229
291.725
250.389
188.406
366.622
301.732
274.672
221.233
188.871
366.939
308.571
268.767
231.005
191.729
344.426
290.083
245.346
207.422
168.739
343.953
292.602
243.047
200.301
152.646
328.693
292.574
265.497
229.503
198.655
340.697
296.124
270.331
341.667
339.510
207.004
184.287
156.567
217.229
218.080
377.428
338.323
314.888
377.553
377.195
256.735
223.599
209.199
263.600
253.840
113.099
93.912
15.584
109.934
113.161
303.151
250.691
253.039
306.561
295.346
166.907
150.196
118.523
166.120
173.607
370.591
312.232
340.962
373.709
370.223
251.457
222.434
151.978
241.955
239.236
416.152
349.443
371.448
404.891
412.079
293.735
258.634
252.855
297.671
284.817
156.316
143.367
40.715
149.615
157.596
332.968
293.279
265.755
325.344
336.067
192.804
192.028
148.641
195.403
198.332
376.691
355.431
336.284
383.693
377.887
262.531
253.870
157.845
256.630
263.375
423.152
393.494
376.508
425.579
422.152
297.244
288.539
254.312
304.559
288.438
178.433
156.819
43.620
162.622
175.158
337.050
288.539
281.132
340.281
327.195
220.066
209.685
133.813
217.817
202.845
359.164
334.593
316.752
362.719
352.529
246.310
242.116
214.651
247.814
244.289
399.276
381.313
350.494
401.695
391.176
287.770
268.969
248.154
284.576
273.448
182.823
179.261
39.676
182.648
178.973
324.983
297.063
267.774
326.723
312.483
206.497
210.731
169.358
214.950
215.354
405.342
381.617
352.660
412.385
400.229
230.841
255.189
156.136
258.083
251.995
450.529
431.547
379.416
451.171
449.453
301.887
292.544
241.602
309.385
310.846
150.951
166.540
36.332
154.158
169.531
348.339
333.634
268.464
364.888
349.670
214.387
209.181
135.168
213.630
207.416
412.824
364.591
340.145
415.798
411.410
287.052
243.003
182.915
296.896
292.623
451.786
410.911
421.287
451.693
451.316
347.133
280.118
245.301
350.752
333.430
185.297
173.032
33.176
185.313
173.250
379.183
317.362
319.596
384.893
378.637
237.047
206.104
155.311
245.040
229.969
385.613
401.693
333.221
419.119
412.642
248.336
247.309
159.914
255.731
258.919
448.277
435.984
386.777
473.280
463.482
288.991
292.537
239.738
314.312
308.576
153.568
132.102
49.849
121.696
147.486
343.187
340.926
276.601
366.740
353.296
204.278
200.361
155.582
210.646
192.806
405.058
369.368
366.989
404.947
399.476
289.334
258.958
147.635
286.627
270.086
450.068
415.158
397.589
448.068
442.047
322.132
296.201
268.805
321.855
317.374
186.818
172.282
61.088
181.048
185.165
365.423
327.697
284.516
364.275
354.441
236.892
221.196
148.025
234.288
236.399
329.254
325.721
265.242
359.105
360.691
173.253
210.583
164.046
213.640
210.925
377.673
367.692
345.682
401.714
399.956
232.869
250.832
192.384
270.169
263.641
129.680
124.627
59.866
115.266
130.345
272.587
286.410
249.430
320.443
303.851
145.951
163.237
150.724
182.203
172.698
412.785
386.535
357.871
438.994
428.861
264.888
280.436
159.310
271.334
281.205
476.720
436.998
384.324
487.592
481.510
319.422
306.659
265.194
327.664
318.317
177.936
144.693
62.712
162.009
174.398
372.506
344.155
281.853
376.160
372.828
225.922
225.699
157.793
221.233
240.007
373.212
364.450
294.469
374.693
370.246
262.779
254.793
212.182
259.809
247.101
413.045
401.471
378.067
414.136
406.115
300.465
289.423
257.305
298.814
292.073
192.306
175.319
45.256
198.841
176.624
336.572
329.319
277.345
336.512
334.042
219.098
218.472
159.341
225.740
210.299
396.984
349.413
329.105
402.637
393.036
270.414
258.500
224.952
268.409
263.998
443.929
403.092
392.822
441.750
440.813
314.675
262.237
263.335
316.886
316.317
170.245
156.426
60.395
117.650
171.068
355.086
305.415
308.128
355.400
354.448
224.027
220.470
169.786
215.278
209.910
414.325
385.355
372.151
416.998
407.881
291.653
267.706
156.330
291.174
286.165
457.521
423.789
395.852
456.715
450.213
333.173
307.928
267.086
334.481
327.388
203.440
188.538
64.074
198.646
201.489
373.246
349.692
276.965
374.372
364.931
253.842
231.337
153.619
244.567
244.905
352.351
345.156
328.648
392.093
388.188
255.758
187.936
165.007
253.058
235.842
388.180
397.471
379.847
428.891
436.621
286.257
239.522
215.767
297.973
297.233
154.142
106.248
22.751
156.121
145.707
318.084
287.869
283.485
349.552
341.440
193.713
147.196
147.554
194.197
182.766
369.579
331.045
269.714
370.191
364.220
249.037
231.704
156.697
247.715
247.204
404.318
370.268
342.350
409.218
407.401
272.825
256.896
195.795
290.674
278.386
150.944
142.884
11.845
152.905
170.662
294.870
323.692
252.718
337.736
332.162
215.679
187.505
152.109
207.511
202.693
370.192
344.999
318.565
370.703
364.357
262.876
236.838
221.574
259.973
247.308
405.937
382.516
375.197
408.904
403.659
294.514
266.767
248.571
293.095
280.543
196.571
175.536
59.162
197.292
156.170
330.175
306.060
296.498
334.105
319.981
213.497
205.460
148.713
215.372
209.868
416.529
393.501
358.919
426.467
420.055
258.282
230.879
189.457
272.306
272.576
453.469
434.952
380.025
448.883
447.553
319.661
279.972
267.478
324.105
306.771
172.309
160.261
37.860
148.347
151.243
367.140
339.481
325.527
374.556
361.753
221.731
181.299
175.063
222.964
220.245
360.358
335.354
290.121
367.301
362.137
257.495
242.243
195.443
250.710
250.575
397.950
372.337
371.568
400.509
399.961
292.850
281.918
198.116
295.045
276.229
156.557
152.958
47.754
157.686
158.282
327.225
315.327
282.386
330.054
322.563
220.795
203.308
152.911
218.972
211.882
342.150
341.106
313.291
360.272
351.689
248.797
233.424
189.854
247.869
255.700
383.324
379.221
356.555
399.248
387.758
284.990
271.501
248.126
289.489
279.164
171.692
165.780
56.118
176.625
169.014
315.034
309.907
273.156
324.502
310.543
210.953
207.728
174.478
222.097
208.569
404.171
354.436
314.375
403.247
397.577
276.913
262.037
218.639
273.474
267.734
451.568
406.515
389.512
454.295
440.538
312.898
288.282
253.208
315.821
312.048
180.683
190.442
104.309
180.392
180.559
354.369
321.191
312.188
360.327
349.267
248.056
209.335
217.170
244.149
245.681
358.317
311.116
322.598
362.243
352.912
242.844
216.618
181.392
239.939
239.569
397.096
347.236
343.014
394.185
398.762
275.935
256.536
231.171
279.891
283.594
164.974
164.516
14.368
163.829
164.800
317.727
284.046
266.528
326.028
317.129
202.575
190.257
140.724
209.735
218.227
431.438
357.001
376.969
436.526
430.572
304.969
298.128
181.197
306.196
299.867
482.324
403.102
397.242
488.741
483.450
345.186
316.220
267.444
347.533
339.425
198.092
178.674
40.117
195.345
192.538
387.862
334.486
304.828
389.047
381.956
247.545
133.799
254.376
272.817
256.006
388.953
292.285
312.413
377.051
373.573
225.918
200.919
163.344
227.501
228.064
432.862
334.330
366.676
417.521
423.745
284.615
233.294
224.210
279.217
271.856
151.378
156.056
25.001
150.790
157.624
331.951
262.557
268.208
334.328
325.572
194.235
174.077
137.360
188.550
184.598
387.255
311.843
336.431
383.310
384.969
242.548
208.591
114.427
248.305
247.391
430.192
355.181
366.232
424.785
427.084
298.380
243.918
174.233
296.276
292.671
139.369
142.659
36.936
180.681
178.918
343.150
276.517
245.431
341.756
331.468
199.072
186.578
115.332
196.990
203.336
421.575
396.996
379.152
422.884
418.196
273.364
264.775
208.627
283.962
296.056
447.446
436.377
418.717
450.596
445.162
330.769
303.329
272.803
333.676
325.913
192.174
193.071
37.633
192.206
190.114
380.714
349.833
317.131
383.686
368.163
239.732
237.528
170.350
238.910
240.494