388.798
337.756
319.096
268.770
223.616
340.511
304.383
266.320
260.284
178.043
339.689
295.364
263.581
227.970
176.423
350.620
304.803
282.806
222.106
181.313
383.181
338.104
295.191
242.207
201.323
362.964
324.200
331.582
281.568
239.851
368.617
321.273
275.526
231.375
199.096
402.692
358.038
328.112
281.574
232.806
386.542
344.425
301.106
246.389
219.412
375.914
336.373
296.918
244.622
207.482
383.318
320.265
285.274
229.655
180.476
378.058
342.602
293.385
277.052
225.821
400.633
360.538
344.266
295.611
232.386
404.915
360.026
302.824
258.934
208.662
323.618
287.322
285.057
232.640
173.031
356.162
329.575
280.708
232.141
196.938
354.927
305.639
239.628
196.825
173.122
360.939
307.588
258.675
228.653
178.491
399.082
348.278
308.100
256.429
218.387
324.592
285.846
332.113
298.707
205.285
379.908
319.058
304.162
254.084
233.764
383.487
328.265
301.921
257.306
223.549
365.515
316.810
273.647
236.951
202.754
364.830
318.982
278.191
234.410
186.443
325.327
291.946
264.485
229.427
198.363
390.237
338.066
325.395
389.323
389.138
265.836
231.453
212.772
273.222
273.148
423.433
381.764
364.614
423.125
422.783
313.145
267.785
265.281
319.071
312.348
168.827
145.698
88.523
167.056
169.060
355.020
292.117
313.354
358.144
348.700
223.132
202.791
176.715
223.948
227.746
398.256
351.592
372.300
402.313
399.533
303.843
282.900
202.981
297.602
297.631
425.742
381.072
401.370
420.275
423.388
341.873
309.912
304.661
340.103
332.536
215.132
198.175
106.202
211.847
216.818
374.479
337.541
311.676
362.543
375.977
255.042
251.443
199.128
257.316
251.468
393.029
373.560
371.168
395.405
391.551
301.300
294.405
207.674
295.741
300.882
419.430
400.338
401.538
419.547
419.469
329.131
322.455
295.814
336.896
322.721
225.567
189.838
94.553
200.115
221.028
363.377
322.455
323.118
364.877
356.460
265.109
245.802
173.228
261.012
246.241
354.361
334.012
315.473
357.667
348.815
254.217
249.029
211.513
254.134
247.598
386.906
374.969
338.823
390.565
382.881
289.986
273.732
248.164
287.043
280.974
190.913
188.102
56.180
190.521
184.278
325.779
300.227
261.469
327.515
313.214
214.088
217.223
175.910
223.332
225.355
412.174
391.523
372.072
416.512
407.414
256.060
281.447
189.488
285.949
281.368
441.833
426.253
391.295
443.668
442.466
327.955
319.023
268.515
334.616
336.145
175.297
191.454
75.280
188.253
198.280
368.784
349.315
290.304
381.371
369.433
243.373
238.691
165.197
239.477
236.415
441.970
406.399
388.186
447.966
445.573
349.110
291.825
241.280
352.594
349.819
471.061
443.273
456.843
470.630
474.082
393.307
324.011
297.664
395.245
382.529
246.843
232.877
89.733
239.561
232.706
414.528
366.058
368.945
423.170
417.175
297.115
261.149
207.844
301.423
290.453
378.541
375.678
322.908
392.899
387.199
246.547
253.949
166.561
258.221
258.713
408.633
411.399
364.290
426.898
422.884
283.463
296.358
238.200
312.405
306.262
155.574
139.838
68.330
134.470
146.846
329.925
339.649
273.064
358.033
346.346
202.798
201.962
159.396
209.043
194.118
411.072
379.599
387.125
411.064
409.945
319.590
286.759
176.898
314.717
300.665
438.434
412.322
403.219
436.368
436.709
351.888
319.886
296.404
349.778
345.072
223.013
196.880
90.266
214.893
221.535
385.714
344.376
303.194
383.485
372.585
266.443
246.068
177.369
263.497
261.788
343.301
344.225
282.895
375.617
373.916
186.001
226.603
178.949
232.554
230.225
387.862
380.836
356.343
409.829
407.658
249.490
270.206
216.810
290.711
282.674
139.535
135.412
76.906
127.223
139.325
290.350
305.469
267.344
341.413
324.585
149.721
178.602
163.450
197.816
193.874
391.994
367.509
350.402
412.033
404.757
249.610
278.262
180.535
262.249
285.015
426.883
408.178
374.207
433.763
436.710
311.819
300.759
268.915
329.429
310.028
181.680
145.389
78.374
159.625
172.641
356.246
327.707
291.573
373.278
361.898
208.471
230.521
175.723
210.762
233.241
370.869
363.380
296.046
372.993
371.961
282.555
266.617
205.768
279.265
261.415
397.602
388.395
370.475
397.182
395.250
315.514
304.075
267.576
314.568
309.345
199.929
185.361
74.086
200.997
185.492
345.672
336.689
278.515
345.324
341.434
236.545
225.090
172.621
231.958
219.516
376.815
342.470
318.871
384.220
375.810
268.126
253.803
212.148
264.727
260.708
408.558
385.329
368.446
408.626
409.265
310.798
262.826
253.672
313.016
311.940
153.147
125.768
65.212
112.622
152.821
346.845
299.552
295.253
348.166
342.988
218.622
199.319
169.668
203.229
202.925
390.947
367.582
364.417
391.271
388.692
295.155
268.013
165.583
294.264
287.618
418.425
392.161
377.153
417.260
415.014
331.993
303.315
267.121
332.717
326.897
208.684
184.798
68.464
204.809
208.629
361.375
338.650
271.502
364.147
357.761
257.100
229.226
164.093
248.122
248.409
401.380
412.318
384.387
444.057
440.873
326.067
272.699
250.966
330.270
317.464
426.051
453.590
434.197
470.094
472.217
349.779
320.050
281.022
368.137
371.688
230.463
199.479
107.423
227.858
229.158
373.241
365.205
357.810
413.751
404.409
268.769
235.540
230.442
265.019
261.441
389.816
365.301
300.865
400.353
393.901
285.410
271.514
200.779
279.329
283.632
417.978
403.405
367.912
430.266
430.298
290.349
300.296
233.416
323.936
316.553
195.247
180.686
71.244
191.983
206.978
334.783
343.685
290.482
372.064
366.254
246.930
227.604
194.929
237.429
238.144
357.296
334.580
299.635
359.417
352.027
253.622
225.029
202.512
254.690
241.399
384.501
366.678
362.442
390.393
383.635
285.634
262.168
234.424
284.552
270.511
189.127
159.375
55.615
187.999
145.124
320.998
298.687
286.689
328.366
309.710
210.793
185.675
139.080
210.234
205.641
420.593
414.611
382.366
435.605
428.667
303.435
282.038
238.680
310.204
311.259
454.296
444.167
397.464
465.868
460.207
352.639
319.885
302.482
357.558
340.473
226.213
219.498
100.399
209.699
210.372
387.955
370.202
355.655
393.795
384.692
266.548
238.960
226.694
265.756
268.823
391.700
357.634
301.640
397.640
393.513
289.214
271.972
201.779
281.932
281.608
422.835
391.096
397.640
423.852
424.579
325.398
309.570
205.393
324.568
306.885
181.615
170.684
75.969
179.893
181.693
360.660
341.194
297.966
361.791
351.877
251.066
224.490
173.557
251.362
241.288
359.117
356.653
338.943
379.812
369.741
263.647
250.186
207.471
267.187
273.732
396.234
390.724
376.158
411.899
401.479
302.629
289.673
264.539
311.365
299.200
182.482
176.023
66.696
190.789
180.083
332.870
325.527
293.932
344.999
330.157
227.326
220.018
186.698
241.435
224.748
327.494
296.245
247.619
327.046
322.270
226.609
210.027
163.762
221.221
215.931
355.352
330.236
304.350
360.087
347.579
255.751
236.212
193.031
256.216
254.400
131.000
98.136
39.332
125.559
129.200
285.586
267.446
246.111
295.568
282.976
196.152
154.094
162.333
193.016
194.545
390.234
338.926
357.859
390.034
381.371
284.701
257.032
200.984
280.397
281.213
415.515
373.159
376.434
411.733
417.158
314.581
289.717
271.095
319.206
324.642
204.596
205.431
73.885
203.779
204.947
354.286
316.693
299.304
361.836
352.181
242.453
235.571
176.403
249.270
254.212
402.649
354.483
369.024
405.419
400.326
317.392
310.546
187.848
315.361
311.988
428.078
383.056
385.344
425.929
429.099
343.649
322.549
288.547
347.709
342.278
229.587
202.387
83.599
227.763
224.425
375.936
337.850
315.841
374.504
372.139
266.188
164.194
277.377
294.732
279.007
383.918
307.644
319.330
375.031
373.848
251.396
222.096
171.027
256.487
251.546
410.757
341.895
366.359
399.055
406.857
307.924
253.053
247.538
304.108
294.951
184.439
173.744
73.285
183.264
184.445
347.965
281.948
288.410
346.009
340.414
221.310
194.937
158.456
214.207
210.284
389.382
326.465
350.233
383.599
384.212
274.984
226.072
153.209
279.040
276.196
410.014
358.816
376.136
405.783
410.069
322.923
258.695
195.374
319.982
319.188
164.336
174.455
84.277
209.769
211.990
358.307
299.022
274.371
353.721
347.137
229.941
210.574
154.199
226.192
238.015
392.228
375.644
363.592
391.739
395.623
278.713
270.676
202.899
287.783
297.754
425.226
405.675
398.949
421.437
422.942
327.096
302.513
270.747
328.917
325.471
200.819
201.282
59.759
197.610
199.992
363.274
341.577
305.651
362.754
354.193
245.839
243.262
177.025
244.256
243.445