268.586
226.299
217.474
175.729
122.729
302.527
250.739
200.154
165.076
109.248
228.851
200.307
181.610
166.755
107.304
268.236
239.966
201.615
129.998
66.073
235.046
192.698
168.597
137.437
99.352
321.447
289.594
261.996
183.562
137.893
235.455
196.902
172.428
128.717
85.990
278.077
251.827
203.150
166.930
62.194
332.227
288.373
239.716
185.380
151.187
385.809
338.055
291.193
204.638
165.629
276.135
246.223
246.105
197.907
167.932
325.796
282.978
239.010
205.700
156.603
269.254
229.241
187.982
147.829
115.421
321.181
276.901
231.827
180.057
105.094
328.833
290.784
256.251
218.399
168.830
350.868
310.083
267.446
209.251
156.941
259.604
226.422
192.031
149.633
117.460
321.620
276.871
243.428
158.894
149.787
240.665
207.210
175.378
125.008
99.598
304.254
251.362
210.748
207.120
138.768
301.311
238.371
205.031
154.006
104.265
333.850
294.901
218.651
179.396
137.870
247.235
221.642
176.951
169.928
127.775
322.606
294.266
258.014
188.325
142.927
306.094
272.059
250.170
204.071
137.932
324.220
287.064
231.480
184.634
127.397
322.273
278.712
224.377
181.477
129.625
372.156
325.391
288.610
210.549
168.127
295.939
262.159
247.965
199.108
145.242
391.872
354.530
301.297
259.856
211.073
199.828
179.863
132.704
95.658
67.339
263.232
237.763
197.179
141.535
78.384
283.912
228.497
172.928
140.793
108.527
304.776
270.579
218.848
183.808
114.332
296.016
245.583
194.318
166.205
116.919
348.844
301.563
233.816
179.109
133.451
285.432
241.279
209.270
160.368
123.371
331.440
278.412
242.749
189.062
133.979
273.437
242.372
226.884
194.211
150.728
315.433
294.665
260.140
242.635
181.157
258.139
202.574
201.471
156.107
139.160
301.254
267.701
241.435
204.111
172.687
273.648
224.816
197.377
158.368
122.637
314.569
275.148
235.758
195.941
145.965
255.936
216.070
177.359
145.660
108.097
328.041
291.651
244.475
217.454
174.731
264.748
219.913
181.190
142.305
88.279
325.384
284.951
224.471
166.149
104.731
251.336
219.749
193.376
163.153
133.112
365.353
335.865
271.830
242.191
199.432
288.245
251.663
228.450
290.836
288.644
178.927
160.448
130.577
190.120
184.170
313.155
289.128
264.389
317.527
314.987
226.673
196.129
175.614
227.964
226.304
84.668
58.474
0.0000
82.793
85.139
259.335
220.180
222.567
261.568
258.205
144.539
123.817
87.148
143.645
149.462
275.439
227.130
245.673
277.153
272.756
191.926
169.091
102.947
185.072
185.060
296.811
252.122
276.610
291.380
287.197
227.674
195.902
199.292
226.807
218.211
108.631
94.282
0.0000
101.353
113.407
260.006
218.989
204.585
236.841
255.750
148.882
142.333
99.843
151.279
143.829
294.488
278.213
278.523
296.868
292.805
216.168
208.597
121.810
212.482
212.571
314.881
300.960
302.650
317.928
315.288
239.382
231.008
212.687
247.057
236.144
139.425
108.029
0.0000
124.045
137.893
268.744
231.008
230.820
270.249
265.912
177.545
163.570
92.891
177.346
160.484
307.956
291.568
268.595
310.458
305.431
218.805
211.055
180.116
213.164
207.917
334.498
330.074
286.721
339.629
333.981
251.092
238.211
205.358
247.205
238.873
149.629
147.346
0.0000
149.667
146.874
281.785
263.901
217.860
285.401
269.357
175.626
179.601
131.836
186.664
188.322
314.189
296.768
277.718
316.119
309.036
170.994
197.407
116.182
201.606
195.977
336.175
325.904
292.493
338.827
341.525
241.676
237.413
186.787
247.527
245.676
89.221
111.651
0.0000
104.723
114.950
278.246
260.490
201.137
287.461
274.750
157.183
153.288
95.235
153.769
155.567
314.805
292.745
276.377
322.106
319.218
248.646
180.619
133.551
251.040
248.285
335.382
321.835
328.184
340.918
341.840
281.252
211.528
202.757
282.317
275.446
152.136
129.448
0.0000
149.262
126.802
294.688
257.301
257.680
302.173
298.405
198.920
154.028
113.976
204.329
190.613
305.446
289.875
247.788
312.378
304.416
173.216
179.244
107.486
185.776
185.161
321.565
330.357
282.115
340.611
334.336
206.304
224.814
174.175
234.771
229.111
85.846
74.160
0.0000
81.406
84.246
248.458
261.903
199.893
277.818
268.999
134.029
136.099
103.214
136.769
126.506
302.134
283.049
288.898
301.471
303.043
222.209
199.858
88.950
216.765
208.086
320.248
305.496
301.859
321.842
321.759
252.255
233.608
204.323
248.729
245.239
130.789
113.426
0.0000
124.082
129.112
282.083
255.690
209.129
279.259
271.758
173.115
160.756
89.219
174.956
166.821
244.803
253.728
179.060
280.331
275.831
92.031
136.461
89.526
139.468
133.444
286.627
286.458
252.483
308.725
305.955
151.855
179.506
119.075
192.879
186.193
58.609
58.410
0.0000
59.368
59.395
190.561
214.088
168.250
245.867
226.763
69.846
87.644
80.459
106.362
97.647
311.717
287.581
275.501
333.335
326.860
179.705
210.563
112.673
189.335
217.807
346.921
329.517
297.249
353.597
354.357
241.416
235.544
197.835
259.950
239.457
122.128
88.688
0.0000
114.866
116.829
280.256
258.645
217.465
304.939
288.037
146.285
164.804
109.141
151.652
168.450
312.217
308.339
226.993
315.639
313.928
231.842
218.776
161.712
230.429
208.563
335.590
328.286
306.837
335.215
333.249
262.826
258.484
206.932
263.998
257.614
152.172
134.688
0.0000
157.346
140.153
289.868
284.914
214.836
291.808
287.539
185.011
183.744
110.572
184.593
164.009
294.161
269.564
245.984
302.426
295.681
195.602
184.735
140.297
191.143
186.896
318.123
304.990
286.220
322.801
324.299
236.303
190.435
179.802
239.440
238.804
88.137
76.851
0.0000
63.285
91.344
269.406
223.908
219.296
272.340
265.851
144.518
133.998
95.883
136.884
127.010
326.159
316.867
300.068
326.918
327.150
244.316
229.404
110.443
241.585
235.094
345.272
335.746
310.192
347.292
345.713
273.816
262.343
203.323
277.153
271.433
155.288
135.245
0.0000
149.241
154.044
299.649
290.586
207.903
304.856
300.435
209.348
183.945
107.893
197.903
201.998
269.824
286.397
257.617
308.415
311.005
203.450
163.370
141.247
216.225
205.615
290.654
327.151
299.231
331.768
334.788
230.925
208.344
174.339
251.456
251.565
130.171
89.669
0.0000
130.063
131.257
247.451
249.385
238.036
286.389
278.395
164.414
135.174
122.075
161.874
162.627
290.969
281.282
214.669
305.766
302.781
204.552
190.397
118.703
200.628
205.079
315.284
316.021
273.736
326.283
330.641
234.254
222.465
150.419
241.655
234.577
116.364
107.884
0.0000
113.073
129.767
254.520
257.197
205.426
282.375
276.034
181.050
143.350
117.205
173.403
171.344
323.346
302.269
269.399
327.655
319.289
225.479
194.901
170.311
226.936
212.615
345.646
333.486
326.004
357.423
348.043
254.955
230.480
200.039
255.660
243.152
151.714
132.629
0.0000
150.951
106.937
285.354
266.847
259.097
297.015
276.646
177.491
164.554
105.255
177.372
171.142
306.571
308.078
280.291
318.352
309.892
218.990
187.706
153.166
215.021
215.363
325.830
327.116
289.702
342.844
338.013
249.400
223.535
219.062
256.287
240.927
134.592
126.261
0.0000
120.061
120.671
283.154
268.643
253.550
286.593
279.822
178.058
153.309
143.122
178.844
181.361
286.907
249.863
208.965
291.144
287.000
193.560
180.585
116.371
185.867
185.756
311.008
279.439
292.052
312.287
312.366
228.732
213.088
119.739
225.589
206.925
88.009
83.399
0.0000
88.314
88.530
258.886
236.368
205.904
259.231
250.108
156.021
135.107
87.494
156.528
152.178
266.489
269.112
251.009
285.822
274.819
172.008
163.723
120.407
178.725
185.695
299.802
294.451
283.023
312.153
305.551
212.506
202.924
177.517
222.984
211.400
92.656
90.802
0.0000
102.216
90.637
240.577
237.534
199.661
254.773
240.939
137.050
138.282
100.744
152.801
133.577
320.120
288.074
236.060
320.466
314.529
219.935
203.477
152.100
214.568
207.545
346.466
328.940
290.144
358.596
336.265
248.462
231.494
182.375
251.224
246.031
116.743
96.016
0.0000
112.674
114.991
277.317
260.806
235.311
288.888
275.731
185.981
146.954
149.523
183.868
183.363
301.577
257.243
277.874
302.605
294.721
209.866
178.666
138.030
202.913
203.248
323.458
289.332
289.684
320.032
326.080
235.878
208.942
192.509
242.860
248.203
131.177
127.018
0.0000
129.891
130.762
274.654
234.873
215.782
277.138
271.589
167.891
158.465
107.598
172.078
174.602
318.854
271.972
288.813
321.775
316.949
243.768
235.371
130.200
241.898
238.654
339.145
295.745
304.191
338.014
342.865
268.655
244.608
215.575
273.762
266.004
155.095
132.445
0.0000
151.944
152.852
298.383
256.830
245.683
297.105
292.835
191.276
90.509
204.553
222.207
205.634
312.704
246.815
258.253
310.977
307.446
182.403
156.195
119.088
192.991
180.318
336.033
284.882
291.928
328.302
333.941
246.793
185.777
177.541
241.754
229.139
123.251
118.115
0.0000
122.413
123.265
285.602
218.378
228.359
284.193
277.112
153.533
135.660
99.402
149.334
145.026
310.630
257.476
270.691
307.083
306.814
208.418
162.570
76.977
211.590
207.943
324.464
283.149
294.010
327.150
328.370
253.378
197.471
134.186
251.941
252.191
103.156
105.659
0.0000
140.285
142.937
285.626
234.072
193.313
282.368
274.918
163.179
146.343
77.967
159.378
165.164
337.355
320.499
308.027
339.245
339.590
232.898
226.251
163.227
242.317
251.443
365.058
347.544
347.446
363.694
362.228
280.357
254.510
216.260
280.905
276.248
159.984
161.230
0.0000
155.468
155.055
310.658
291.638
261.504
311.037
303.472
198.398
207.574
125.281
200.483
200.931