361.876
322.708
301.623
267.290
240.035
342.627
310.675
270.911
255.870
211.122
370.713
345.998
315.584
310.526
255.789
347.520
313.209
276.543
254.433
216.159
371.212
337.467
307.788
283.408
238.971
357.387
324.519
294.209
258.077
236.061
366.995
336.753
318.892
276.692
236.524
351.119
316.191
283.755
246.787
208.843
369.568
337.068
303.197
265.015
232.949
359.973
328.195
295.652
256.950
222.458
360.061
326.686
307.458
274.853
243.805
348.289
313.923
276.058
246.286
223.074
372.668
340.155
300.576
266.597
239.091
354.784
319.505
286.487
253.820
221.938
363.889
331.447
304.272
271.971
237.415
352.893
317.000
282.855
252.253
222.031
370.786
340.351
308.048
267.056
238.356
350.049
318.392
286.773
248.206
228.391
366.217
338.833
305.894
266.735
234.690
348.626
314.871
278.072
250.624
219.260
372.402
334.641
312.069
278.861
238.451
358.320
326.134
289.695
252.772
215.394
357.441
333.025
294.899
279.242
238.951
354.623
321.403
291.729
254.268
216.124
363.816
328.371
300.009
271.547
234.547
348.350
311.833
280.541
252.942
205.147
368.669
336.124
302.446
273.425
232.683
359.558
329.744
299.807
259.898
217.931
360.566
329.720
318.857
276.487
230.642
359.811
327.874
292.779
255.025
227.293
361.714
334.166
298.893
260.370
236.638
340.712
306.371
272.176
246.820
217.381
370.189
333.269
291.781
257.760
236.107
349.838
310.669
281.704
240.759
211.902
365.066
333.247
293.456
274.820
241.343
359.264
322.463
284.686
255.583
221.434
365.504
334.350
306.649
273.638
241.556
355.323
323.462
285.584
248.779
210.628
335.637
298.744
317.982
289.656
217.523
349.873
318.433
285.878
248.480
216.443
371.126
334.401
313.256
275.819
253.907
349.598
318.113
281.879
249.242
222.774
369.099
334.251
307.495
279.223
252.854
355.876
321.208
289.993
254.731
225.802
367.159
332.953
300.714
271.356
241.165
362.128
330.337
292.631
263.550
230.220
369.602
336.081
301.662
270.808
234.860
355.397
320.668
282.631
235.625
210.314
363.124
331.329
304.522
273.717
239.855
346.732
311.011
282.549
260.277
227.351
380.130
359.351
338.377
381.907
379.034
293.263
274.594
253.047
299.565
302.760
401.030
382.357
361.705
402.608
401.264
326.860
306.545
293.695
332.934
327.981
216.283
198.854
145.723
214.910
216.526
356.877
328.652
320.569
359.062
352.703
260.245
243.532
225.145
259.080
263.201
376.820
356.860
357.953
382.314
379.201
302.274
286.304
231.286
296.555
298.958
401.973
381.088
372.038
401.449
399.470
328.729
312.395
303.522
329.923
325.612
232.116
224.047
146.762
231.871
235.876
354.693
337.203
315.720
356.149
357.295
258.892
258.277
228.662
261.570
262.789
374.085
361.078
348.659
376.162
372.748
301.738
299.630
241.709
298.699
301.924
395.059
381.615
368.263
397.770
394.478
326.447
321.116
298.175
329.640
321.099
244.345
224.672
143.312
226.824
241.273
351.929
321.116
316.802
353.441
345.346
273.651
265.615
214.631
270.550
263.280
349.429
336.055
324.655
350.710
344.869
275.105
271.770
246.279
275.706
272.544
372.311
361.713
346.367
372.634
367.981
301.439
292.239
276.252
300.833
293.989
225.269
222.242
108.822
225.280
221.741
327.545
311.178
290.912
327.094
320.089
243.687
245.613
216.994
251.533
252.178
382.028
371.253
352.880
385.230
378.696
281.276
291.874
227.509
293.888
289.246
405.450
397.098
365.323
406.951
402.230
325.301
318.340
285.696
327.095
328.487
214.791
223.748
126.643
218.508
226.983
352.198
346.039
302.803
358.203
352.796
263.338
259.178
207.540
261.544
257.412
407.957
388.626
360.442
409.254
406.802
319.740
302.137
258.426
329.840
324.767
427.462
412.308
405.481
428.414
426.371
364.945
330.646
294.509
368.167
356.787
247.464
238.680
120.678
245.238
245.194
385.916
358.820
347.811
390.901
387.235
286.202
270.616
225.387
290.293
281.167
363.771
379.827
342.869
385.806
381.130
279.503
279.493
218.781
287.888
287.764
403.330
392.802
370.601
407.731
406.290
310.833
311.239
279.851
323.783
323.253
205.924
193.726
127.277
188.096
195.284
348.655
341.084
307.093
355.587
352.455
246.210
239.948
212.429
247.955
237.637
376.263
363.353
351.517
376.403
372.329
306.286
290.481
212.017
305.168
295.752
398.419
385.622
369.245
397.938
392.458
324.478
316.884
293.639
325.959
324.504
233.139
221.677
138.259
231.435
232.964
353.708
339.885
311.428
353.556
347.556
271.554
261.899
212.144
269.717
274.364
373.207
361.084
329.994
380.044
385.989
245.989
275.362
237.026
282.895
280.665
402.253
385.564
378.748
404.445
407.912
300.449
309.819
269.714
326.848
322.918
201.743
198.344
142.765
191.332
201.557
334.658
335.323
314.026
357.982
351.754
212.173
236.505
223.752
252.337
248.999
381.465
364.134
348.203
387.483
382.473
286.820
298.399
224.278
291.668
298.970
404.375
387.916
365.244
408.270
405.380
325.885
316.913
295.389
328.808
322.100
217.605
193.502
135.234
205.725
213.205
356.716
339.310
309.335
356.259
355.365
252.426
258.998
221.231
254.955
266.518
342.417
336.517
302.376
342.890
337.682
270.863
266.040
235.274
267.334
263.383
362.310
356.312
342.521
363.361
357.089
295.770
290.787
272.494
295.320
290.330
220.791
207.453
122.552
220.766
213.075
320.952
316.271
286.189
320.171
316.741
238.434
239.608
206.787
245.451
235.596
368.496
344.850
332.391
369.746
366.279
285.163
278.952
252.639
284.949
283.197
390.206
371.819
363.598
388.120
387.436
317.255
289.218
281.842
316.481
319.389
196.946
179.743
123.285
166.227
197.773
344.467
318.141
313.559
345.827
343.478
251.446
239.906
214.223
238.066
239.225
373.831
363.316
351.518
374.845
370.964
302.769
288.420
217.832
304.282
300.067
394.144
382.577
364.395
394.980
390.464
328.743
315.780
290.040
329.889
325.566
239.876
228.508
134.902
239.170
239.711
352.974
342.277
301.018
352.910
348.169
278.722
268.128
215.740
270.754
273.375
392.090
376.206
372.111
402.244
401.308
317.037
274.288
261.542
313.669
304.296
413.002
403.607
399.125
422.638
425.635
343.732
308.983
291.631
346.682
346.780
241.681
210.211
130.732
240.078
238.579
366.578
340.194
340.018
378.061
376.721
270.662
243.489
243.111
268.338
264.881
375.285
353.019
314.882
376.197
372.148
294.516
282.134
232.035
293.152
293.382
397.536
377.167
358.970
397.698
395.747
307.811
300.612
260.203
323.094
318.178
223.828
212.903
114.859
221.997
234.214
327.398
345.999
300.969
353.355
350.784
267.866
248.427
226.854
261.998
259.556
362.353
349.476
331.648
363.518
358.893
291.312
273.335
259.155
291.014
285.448
383.798
370.818
362.056
383.607
381.247
314.539
300.211
280.543
313.983
308.287
234.865
217.448
129.353
233.936
206.958
338.039
325.147
313.965
339.985
332.279
256.794
242.241
203.635
255.394
254.725
401.122
387.421
368.921
406.029
403.387
308.409
293.952
253.044
313.927
314.082
428.242
415.096
386.142
430.253
427.008
347.109
323.779
315.002
349.367
340.951
245.372
242.948
139.032
228.223
232.187
375.500
358.515
350.094
378.578
373.350
281.076
258.912
243.840
280.320
281.957
358.964
349.117
316.920
364.167
359.429
290.215
279.838
236.910
285.950
284.813
382.544
373.303
364.258
383.588
381.963
313.447
310.225
240.951
314.968
307.277
212.613
201.122
127.275
211.425
213.193
338.115
334.366
308.355
339.506
335.124
261.307
247.079
210.920
260.066
254.691
357.826
353.631
327.134
361.554
358.922
291.966
277.495
239.040
286.205
291.965
381.030
374.840
357.133
383.507
380.193
315.920
306.384
288.303
316.182
312.220
224.081
216.983
121.747
224.279
222.995
337.084
331.982
303.707
340.184
334.557
262.300
255.288
226.019
266.769
259.929
328.331
310.242
284.497
329.825
325.361
257.051
249.433
216.419
254.523
250.481
348.207
332.532
325.088
349.843
345.801
281.059
270.678
244.189
282.920
280.949
183.504
162.650
109.806
182.771
183.210
303.011
290.264
281.513
306.581
302.142
235.410
206.123
213.301
233.152
236.584
364.502
345.068
342.434
370.191
365.540
290.842
278.005
237.101
289.691
288.911
386.395
366.478
353.550
390.235
389.099
317.186
308.744
284.358
318.126
321.224
232.183
233.567
123.402
230.277
232.351
341.411
328.304
314.394
348.241
344.160
259.063
256.223
216.200
266.483
274.001
372.629
357.773
347.690
375.645
373.213
309.400
309.176
220.894
310.597
307.006
392.540
377.880
354.672
395.675
390.773
334.040
326.916
286.511
333.973
330.067
231.990
222.547
125.787
229.597
228.570
354.172
343.583
308.277
354.809
353.154
272.968
198.107
273.646
284.765
274.380
372.671
335.180
337.972
373.091
371.518
279.278
265.105
223.955
279.390
282.373
395.679
359.093
359.155
393.434
395.104
318.813
292.895
281.566
313.755
313.140
223.446
221.460
132.763
223.360
228.744
343.312
316.758
306.777
350.686
345.310
257.362
242.155
211.049
253.831
251.324
372.287
345.625
347.547
373.505
371.313
287.172
267.262
203.696
291.442
290.240
394.389
369.933
362.376
395.353
392.741
323.827
295.367
240.903
323.937
320.125
208.884
217.323
141.749
240.240
240.621
348.174
321.424
299.140
349.241
345.462
260.256
251.296
203.728
258.731
260.606
364.172
353.111
344.756
364.272
362.719
279.333
277.184
230.257
285.816
292.877
386.969
374.320
367.382
385.906
384.333
315.077
302.694
282.996
316.894
312.399
220.461
219.855
102.325
218.914
219.676
341.680
328.457
307.695
344.141
337.136
256.480
257.629
206.935
254.545
257.874