293.575
254.408
233.323
198.990
171.734
274.326
242.375
202.611
187.570
142.821
273.465
248.750
218.336
213.278
158.542
250.272
215.961
179.296
157.185
118.911
295.298
261.554
231.874
207.495
163.058
281.474
248.606
218.296
182.164
160.147
284.110
253.868
236.007
193.808
153.639
268.234
233.306
200.870
163.902
125.958
288.590
256.091
222.220
184.037
151.971
278.995
247.217
214.674
175.973
141.480
314.106
280.731
261.502
228.898
197.849
302.334
267.968
230.103
200.330
177.118
301.221
268.708
229.129
195.150
167.644
283.337
248.058
215.040
182.373
150.491
310.522
278.080
250.905
218.604
184.049
299.526
263.633
229.488
198.886
168.664
320.678
290.243
257.941
216.949
188.248
299.942
268.284
236.665
198.098
178.283
313.553
286.170
253.231
214.071
182.027
295.963
262.208
225.408
197.960
166.596
286.639
248.878
226.306
193.098
152.688
272.557
240.371
203.932
167.009
129.631
322.599
298.183
260.057
244.401
204.109
319.781
286.561
256.888
219.427
181.283
296.940
261.496
233.133
204.672
167.672
281.475
244.958
213.666
186.066
138.272
301.865
269.320
235.642
206.621
165.879
292.754
262.939
233.002
193.093
151.127
283.020
252.174
241.311
198.941
153.096
282.265
250.328
215.233
177.479
149.747
300.218
272.669
237.397
198.874
175.142
279.216
244.875
210.680
185.323
155.885
284.640
247.720
206.233
172.212
150.558
264.289
225.120
196.155
155.210
126.353
270.145
238.326
198.536
179.899
146.423
264.344
227.543
189.766
160.663
126.513
313.912
282.758
255.057
222.046
189.964
303.731
271.870
233.992
197.188
159.036
312.694
275.802
295.039
266.714
194.581
326.931
295.490
262.936
225.537
193.501
311.927
275.202
254.057
216.620
194.708
290.399
258.914
222.680
190.043
163.574
306.194
271.345
244.589
216.318
189.949
292.971
258.303
227.088
191.826
162.897
310.623
276.416
244.177
214.819
184.628
305.592
273.801
236.094
207.013
173.683
295.463
261.941
227.523
196.668
160.721
281.258
246.529
208.492
161.486
136.175
303.644
271.849
245.042
214.237
180.375
287.252
251.531
223.069
200.797
167.871
319.415
298.636
277.662
321.192
318.319
232.548
213.879
192.332
238.850
242.045
340.315
321.642
300.990
341.893
340.549
266.145
245.830
232.980
272.220
267.266
155.568
138.139
85.008
154.195
155.811
296.162
267.937
259.854
298.347
291.988
199.530
182.817
164.430
198.366
202.486
327.088
307.129
308.221
332.582
329.470
252.542
236.572
181.555
246.824
249.227
352.242
331.356
322.306
351.717
349.738
278.997
262.663
253.790
280.191
275.880
182.384
174.315
97.030
182.139
186.144
304.961
287.471
265.988
306.417
307.563
209.160
208.545
178.930
211.838
213.057
317.918
304.911
292.492
319.995
316.581
245.571
243.463
185.542
242.532
245.757
338.892
325.448
312.096
341.603
338.311
270.280
264.949
242.008
273.473
264.932
188.178
168.505
87.145
170.657
185.105
295.762
264.949
260.634
297.274
289.179
217.484
209.448
158.463
214.383
207.113
294.070
280.697
269.296
295.351
289.510
219.746
216.411
190.920
220.347
217.185
316.952
306.354
291.008
317.275
312.623
246.080
236.880
220.893
245.474
238.630
169.910
166.883
53.463
169.921
166.383
272.187
255.819
235.553
271.735
264.730
188.328
190.254
161.635
196.175
196.819
325.205
314.430
296.057
328.407
321.873
224.452
235.050
170.686
237.064
232.423
348.627
340.275
308.500
350.128
345.407
268.478
261.517
228.872
270.272
271.664
157.968
166.925
69.820
161.685
170.160
295.375
289.216
245.980
301.380
295.972
206.515
202.355
150.716
204.721
200.589
373.732
354.401
326.218
375.029
372.577
285.515
267.912
224.201
295.616
290.542
393.237
378.083
371.256
394.189
392.146
330.720
296.421
260.284
333.942
322.562
213.239
204.455
86.453
211.013
210.969
351.691
324.595
313.586
356.677
353.010
251.977
236.391
191.162
256.068
246.942
299.106
315.161
278.204
321.141
316.464
214.837
214.828
154.115
223.223
223.098
338.664
328.136
305.935
343.065
341.625
246.167
246.574
215.185
259.117
258.587
141.259
129.061
62.612
123.430
130.618
283.990
276.418
242.428
290.921
287.789
181.544
175.282
147.763
183.290
172.972
317.098
304.188
292.353
317.239
313.164
247.122
231.316
152.852
246.004
236.588
339.255
326.458
310.080
338.774
333.293
265.313
257.720
234.475
266.794
265.340
173.975
162.512
79.095
172.271
173.800
294.544
280.720
252.264
294.392
288.392
212.389
202.734
152.979
210.553
215.200
304.142
292.019
260.929
310.979
316.924
176.924
206.297
167.961
213.831
211.600
333.188
316.500
309.684
335.380
338.847
231.384
240.754
200.649
257.783
253.853
132.678
129.279
73.700
122.268
132.492
265.594
266.258
244.961
288.917
282.689
143.109
167.440
154.688
183.272
179.935
315.428
298.097
282.166
321.446
316.436
220.783
232.362
158.241
225.631
232.933
338.338
321.879
299.207
342.233
339.343
259.848
250.876
229.352
262.771
256.063
151.568
127.465
69.197
139.688
147.168
290.679
273.273
243.298
290.222
289.328
186.389
192.961
155.194
188.918
200.480
283.860
277.959
243.818
284.332
279.125
212.305
207.483
176.716
208.776
204.825
303.752
297.754
283.963
304.803
298.532
237.213
232.230
213.937
236.762
231.773
162.234
148.895
63.994
162.209
154.517
262.394
257.714
227.632
261.613
258.184
179.876
181.050
148.229
186.893
177.039
304.201
280.555
268.096
305.451
301.984
220.868
214.657
188.345
220.654
218.902
325.912
307.524
299.303
323.825
323.141
252.961
224.924
217.547
252.186
255.094
132.651
115.448
58.990
101.932
133.478
280.172
253.846
249.264
281.532
279.183
187.151
175.611
149.928
173.771
174.930
299.235
288.720
276.922
300.249
296.368
228.173
213.824
143.236
229.686
225.471
319.548
307.981
289.799
320.384
315.868
254.147
241.184
215.444
255.293
250.970
165.280
153.912
60.306
164.574
165.115
278.378
267.681
226.422
278.314
273.573
204.126
193.532
141.144
196.158
198.779
364.865
348.982
344.886
375.020
374.084
289.813
247.064
234.318
286.445
277.072
385.777
376.382
371.901
395.414
398.411
316.508
281.759
264.406
319.458
319.555
214.456
182.986
103.508
212.854
211.355
339.353
312.970
312.793
350.836
349.497
243.438
216.265
215.887
241.113
237.657
329.129
306.862
268.725
330.040
325.992
248.360
235.978
185.879
246.996
247.226
351.380
331.011
312.814
351.541
349.590
261.655
254.456
214.046
276.938
272.022
177.671
166.746
68.703
175.841
188.058
281.242
299.843
254.813
307.199
304.627
221.710
202.271
180.698
215.842
213.400
283.186
270.309
252.481
284.351
279.726
212.145
194.168
179.988
211.847
206.281
304.631
291.651
282.889
304.440
302.080
235.372
221.044
201.376
234.817
229.120
155.698
138.281
50.186
154.769
127.791
258.872
245.981
234.798
260.818
253.112
177.628
163.074
124.468
176.227
175.558
359.164
345.464
326.963
364.071
361.429
266.451
251.995
211.086
271.969
272.124
386.284
373.138
344.184
388.296
385.050
305.151
281.821
273.044
307.409
298.994
203.414
200.991
97.075
186.266
190.229
333.543
316.558
308.137
336.621
331.392
239.118
216.955
201.882
238.362
239.999
302.316
292.468
260.272
307.518
302.780
233.567
223.189
180.261
229.302
228.164
325.896
316.655
307.609
326.939
325.314
256.798
253.577
184.302
258.319
250.629
155.964
144.473
70.626
154.776
156.545
281.466
277.717
251.706
282.858
278.475
204.659
190.430
154.272
203.417
198.042
298.161
293.966
267.469
301.890
299.258
232.302
217.831
179.375
226.540
232.300
321.365
315.175
297.468
323.843
320.528
256.255
246.719
228.639
256.518
252.555
164.416
157.318
62.082
164.615
163.330
277.420
272.318
244.042
280.519
274.892
202.636
195.623
166.354
207.105
200.264
251.362
233.272
207.528
252.856
248.391
180.082
172.464
139.450
177.553
173.512
271.238
255.562
248.119
272.874
268.832
204.090
193.709
167.220
205.951
203.980
106.535
85.680
32.837
105.802
106.241
226.041
213.295
204.544
229.611
225.172
158.441
129.153
136.332
156.182
159.615
311.237
291.803
289.169
316.926
312.275
237.577
224.741
183.836
236.426
235.647
333.130
313.214
300.285
336.970
335.834
263.921
255.479
231.093
264.861
267.959
178.918
180.302
70.138
177.012
179.086
288.146
275.039
261.129
294.976
290.895
205.798
202.958
162.935
213.218
220.736
318.060
303.205
293.121
321.077
318.644
254.832
254.607
166.326
256.029
252.438
337.972
323.311
300.104
341.107
336.204
279.472
272.347
231.942
279.405
275.499
177.422
167.979
71.218
175.029
174.002
299.604
289.014
253.709
300.241
298.586
218.399
143.539
219.078
230.196
219.812
309.098
271.607
274.399
309.518
307.945
215.705
201.531
160.382
215.817
218.800
332.106
295.519
295.582
329.861
331.531
255.240
229.322
217.993
250.182
249.567
159.873
157.887
69.190
159.787
165.171
279.738
253.185
243.204
287.112
281.737
193.789
178.582
147.476
190.258
187.751
307.725
281.063
282.985
308.943
306.751
222.610
202.700
139.135
226.880
225.678
329.827
305.372
297.815
330.792
328.180
259.266
230.805
176.342
259.375
255.563
144.323
152.761
77.187
175.679
176.060
283.612
256.862
234.578
284.680
280.900
195.694
186.735
139.166
194.169
196.044
318.793
307.732
299.377
318.894
317.341
233.955
231.806
184.878
240.438
247.499
341.590
328.942
322.004
340.528
338.955
269.699
257.316
237.618
271.516
267.021
175.082
174.476
56.947
173.536
174.298
296.301
283.079
262.317
298.763
291.758
211.101
212.251
161.556
209.166
212.495