0.9660
0.9236
0.9003
0.8471
0.7627
0.9484
0.8963
0.8308
0.7792
0.5336
0.9346
0.9042
0.8617
0.8498
0.7834
0.9148
0.8430
0.7383
0.6611
0.5659
0.9372
0.9025
0.8573
0.8572
0.8081
0.8864
0.8171
0.7227
0.5724
0.5208
0.9181
0.8795
0.8513
0.7817
0.6601
0.8850
0.7884
0.6754
0.5111
0.4742
0.9710
0.9484
0.9079
0.8355
0.7518
0.9642
0.9310
0.8825
0.7884
0.6793
0.9678
0.9452
0.9149
0.8649
0.8065
0.9359
0.8832
0.7859
0.7323
0.6177
0.9554
0.9326
0.8722
0.8175
0.7766
0.9206
0.8556
0.7431
0.6542
0.5855
0.9663
0.9426
0.9120
0.8672
0.7781
0.9563
0.9097
0.8481
0.7777
0.7293
0.9363
0.9092
0.8887
0.8236
0.7744
0.8964
0.8290
0.7149
0.6275
0.5447
0.9339
0.9063
0.8539
0.7798
0.7269
0.9049
0.8351
0.7028
0.5641
0.4314
0.9578
0.9065
0.8804
0.7827
0.6437
0.9423
0.8966
0.8073
0.7132
0.5851
0.9208
0.8938
0.8234
0.8103
0.7464
0.9048
0.8246
0.7288
0.6051
0.5214
0.9745
0.9459
0.8988
0.8436
0.7415
0.9652
0.9269
0.8670
0.7974
0.5976
0.9563
0.9231
0.8707
0.8013
0.6974
0.9537
0.9175
0.8496
0.7396
0.5851
0.9321
0.8876
0.8518
0.7694
0.6440
0.9211
0.8469
0.7463
0.5832
0.4838
0.9283
0.8891
0.8287
0.7743
0.6919
0.8671
0.7942
0.6351
0.5823
0.3805
0.9337
0.8711
0.7376
0.6022
0.5268
0.8999
0.8331
0.7354
0.5851
0.5228
0.9501
0.9176
0.8436
0.8104
0.7399
0.9458
0.8873
0.7991
0.7412
0.5544
0.9503
0.9180
0.8914
0.8583
0.7954
0.9335
0.8913
0.8151
0.6983
0.5632
0.9677
0.9469
0.8969
0.8615
0.8329
0.9266
0.8728
0.8033
0.7055
0.5730
0.9526
0.9256
0.8927
0.8418
0.8171
0.9292
0.8605
0.7885
0.7036
0.6250
0.9475
0.9103
0.8617
0.8216
0.7536
0.9246
0.8523
0.7637
0.6466
0.5784
0.9244
0.8812
0.8450
0.8117
0.7633
0.8992
0.8210
0.6978
0.5980
0.4521
0.9557
0.9229
0.8710
0.8222
0.7283
0.9299
0.8696
0.7670
0.5933
0.4734
0.9759
0.9619
0.9482
0.9261
0.8917
0.9066
0.8538
0.7800
0.7185
0.6883
0.9494
0.9510
0.8901
0.9540
0.9488
0.8041
0.8123
0.7209
0.8278
0.8370
0.9659
0.9656
0.9224
0.9691
0.9679
0.8714
0.8874
0.8103
0.8869
0.8804
0.6267
0.6385
0.4951
0.6277
0.6253
0.9247
0.9285
0.8534
0.9264
0.9166
0.7400
0.6868
0.6931
0.7319
0.7427
0.9716
0.9691
0.9603
0.9764
0.9754
0.8978
0.8760
0.8184
0.8917
0.8927
0.9834
0.9809
0.9692
0.9843
0.9835
0.9309
0.9243
0.9090
0.9359
0.9301
0.7578
0.7575
0.4629
0.7539
0.7726
0.9561
0.9526
0.9301
0.9612
0.9611
0.8022
0.8232
0.8109
0.8093
0.8246
0.9637
0.9687
0.9393
0.9704
0.9669
0.8810
0.8929
0.7881
0.8739
0.8888
0.9768
0.9807
0.9590
0.9823
0.9800
0.9190
0.9247
0.8797
0.9208
0.9156
0.7551
0.7520
0.3836
0.7548
0.7480
0.9443
0.9247
0.9072
0.9504
0.9450
0.8216
0.8226
0.7469
0.8163
0.8038
0.9186
0.9143
0.8788
0.9217
0.9165
0.7906
0.7970
0.7471
0.7866
0.7885
0.9454
0.9436
0.9100
0.9488
0.9442
0.8427
0.8465
0.7988
0.8409
0.8254
0.6705
0.6595
0.3932
0.6703
0.6714
0.8879
0.8781
0.8361
0.8868
0.8827
0.7288
0.7449
0.6657
0.7427
0.7383
0.9681
0.9665
0.9387
0.9732
0.9678
0.8432
0.8592
0.7165
0.8533
0.8375
0.9811
0.9815
0.9560
0.9838
0.9805
0.9074
0.9029
0.8368
0.9113
0.9111
0.6842
0.6666
0.3257
0.6400
0.6651
0.9405
0.9462
0.8784
0.9510
0.9434
0.7852
0.7799
0.6641
0.7864
0.7729
0.9786
0.9771
0.9334
0.9808
0.9786
0.8565
0.8965
0.7539
0.8874
0.8797
0.9855
0.9856
0.9746
0.9876
0.9858
0.9429
0.9405
0.7900
0.9497
0.9372
0.6268
0.6801
0.4335
0.6287
0.6641
0.9648
0.9606
0.9218
0.9698
0.9686
0.7783
0.8091
0.6570
0.7925
0.7769
0.9637
0.9628
0.9309
0.9689
0.9658
0.8721
0.8423
0.7808
0.8677
0.8716
0.9744
0.9808
0.9536
0.9832
0.9793
0.9079
0.9012
0.8668
0.9142
0.9155
0.7516
0.7254
0.4848
0.7366
0.7444
0.9422
0.9420
0.8974
0.9462
0.9431
0.8323
0.7976
0.7754
0.8269
0.8087
0.9866
0.9840
0.9755
0.9868
0.9849
0.9409
0.9262
0.7221
0.9406
0.9313
0.9916
0.9900
0.9833
0.9918
0.9903
0.9593
0.9569
0.9244
0.9602
0.9595
0.7712
0.7602
0.1350
0.7724
0.7695
0.9779
0.9736
0.9510
0.9777
0.9751
0.8930
0.8812
0.7201
0.8884
0.9019
0.9456
0.9534
0.9189
0.9591
0.9596
0.8850
0.8666
0.8364
0.8792
0.8770
0.9650
0.9709
0.9514
0.9755
0.9728
0.9042
0.9024
0.8605
0.9052
0.9079
0.8124
0.8066
0.6878
0.8070
0.8135
0.9243
0.9281
0.9022
0.9380
0.9285
0.8500
0.8299
0.8379
0.8543
0.8489
0.9735
0.9786
0.9560
0.9803
0.9779
0.9203
0.9252
0.7842
0.9204
0.9175
0.9828
0.9863
0.9669
0.9874
0.9863
0.9420
0.9468
0.9133
0.9432
0.9413
0.7755
0.7161
0.4189
0.7746
0.7853
0.9624
0.9673
0.9284
0.9681
0.9635
0.8927
0.8526
0.7938
0.8920
0.8844
0.9702
0.9698
0.9251
0.9719
0.9684
0.8766
0.8784
0.8379
0.8711
0.8691
0.9813
0.9809
0.9661
0.9828
0.9798
0.9229
0.9209
0.8801
0.9228
0.9156
0.7662
0.7071
0.1311
0.7686
0.7490
0.9541
0.9522
0.9090
0.9537
0.9500
0.7940
0.8257
0.7290
0.8300
0.7985
0.9642
0.9562
0.9308
0.9678
0.9631
0.8804
0.8831
0.8443
0.8806
0.8769
0.9778
0.9741
0.9586
0.9798
0.9767
0.9162
0.9046
0.8709
0.9184
0.9219
0.7286
0.7350
0.4318
0.7058
0.7364
0.9426
0.9353
0.9171
0.9451
0.9454
0.8381
0.8483
0.7416
0.8078
0.7935
0.9755
0.9757
0.9589
0.9779
0.9750
0.9067
0.8947
0.6855
0.9090
0.9060
0.9842
0.9846
0.9693
0.9865
0.9841
0.9394
0.9361
0.8804
0.9417
0.9410
0.7478
0.7387
0.2246
0.7412
0.7453
0.9640
0.9636
0.9026
0.9648
0.9609
0.8596
0.8501
0.6709
0.8411
0.8561
0.9792
0.9740
0.9691
0.9820
0.9805
0.9282
0.8818
0.8766
0.9196
0.9081
0.9852
0.9850
0.9771
0.9883
0.9883
0.9555
0.9194
0.9240
0.9514
0.9481
0.8643
0.7976
0.6669
0.8648
0.8385
0.9694
0.9485
0.9469
0.9707
0.9694
0.8792
0.8420
0.8622
0.8784
0.8693
0.9592
0.9525
0.8788
0.9564
0.9582
0.8440
0.8347
0.7064
0.8547
0.8622
0.9722
0.9692
0.9235
0.9746
0.9724
0.9010
0.8848
0.7937
0.9001
0.8957
0.6777
0.6804
0.5365
0.6818
0.7310
0.9252
0.9375
0.8413
0.9357
0.9330
0.8106
0.7494
0.6989
0.7931
0.7816
0.9524
0.9537
0.9130
0.9579
0.9533
0.8550
0.8618
0.8033
0.8645
0.8545
0.9677
0.9701
0.9503
0.9734
0.9690
0.8964
0.8975
0.8237
0.8988
0.8890
0.7072
0.7095
0.2891
0.7046
0.6456
0.9235
0.9296
0.8879
0.9324
0.9230
0.7771
0.7967
0.6466
0.7747
0.7697
0.9746
0.9736
0.9542
0.9785
0.9770
0.8997
0.8896
0.8046
0.9128
0.9136
0.9845
0.9854
0.9635
0.9870
0.9849
0.9385
0.9296
0.9157
0.9416
0.9378
0.7971
0.8085
0.5752
0.7464
0.7706
0.9610
0.9559
0.9401
0.9638
0.9629
0.8733
0.8277
0.8033
0.8717
0.8699
0.9598
0.9606
0.9255
0.9675
0.9628
0.8581
0.8399
0.7556
0.8481
0.8458
0.9764
0.9758
0.9652
0.9792
0.9771
0.9052
0.9107
0.7791
0.9116
0.9005
0.5815
0.5349
0.2390
0.5751
0.5866
0.9401
0.9442
0.9117
0.9444
0.9397
0.7759
0.7511
0.6149
0.7697
0.7536
0.9455
0.9553
0.9168
0.9568
0.9505
0.8808
0.8668
0.7393
0.8596
0.8676
0.9631
0.9709
0.9491
0.9723
0.9673
0.9058
0.9026
0.8661
0.9056
0.8965
0.7611
0.7216
0.3836
0.7039
0.7543
0.9266
0.9349
0.8819
0.9359
0.9280
0.8347
0.8277
0.7313
0.8161
0.8235
0.9291
0.9334
0.8618
0.9391
0.9314
0.8252
0.8388
0.7164
0.8217
0.8147
0.9480
0.9554
0.9173
0.9601
0.9538
0.8663
0.8846
0.8224
0.8695
0.8722
0.6327
0.6603
0.2587
0.6288
0.6292
0.8974
0.9139
0.8563
0.9043
0.9003
0.7804
0.7511
0.7031
0.7707
0.7863
0.9471
0.9546
0.9169
0.9628
0.9575
0.8237
0.8476
0.7229
0.8240
0.8306
0.9671
0.9693
0.9259
0.9769
0.9728
0.8829
0.9040
0.8124
0.8834
0.8886
0.6830
0.6819
0.3759
0.6861
0.6830
0.9206
0.9353
0.8838
0.9345
0.9348
0.7464
0.7815
0.6615
0.7672
0.7908
0.9811
0.9810
0.9683
0.9826
0.9825
0.9365
0.9434
0.8395
0.9382
0.9386
0.9878
0.9868
0.9715
0.9893
0.9875
0.9602
0.9601
0.9062
0.9595
0.9574
0.7672
0.7785
0.1841
0.7577
0.7598
0.9734
0.9735
0.9361
0.9738
0.9741
0.8969
0.7497
0.8803
0.8945
0.8822
0.9590
0.9551
0.9275
0.9682
0.9650
0.8217
0.8668
0.7675
0.8099
0.8264
0.9748
0.9699
0.9357
0.9792
0.9780
0.9001
0.9049
0.8183
0.8888
0.8984
0.6487
0.7042
0.4022
0.6472
0.6851
0.9278
0.9359
0.8707
0.9451
0.9397
0.7668
0.8126
0.7100
0.7917
0.7322
0.9684
0.9679
0.9421
0.9738
0.9723
0.8467
0.8754
0.6747
0.8621
0.8549
0.9816
0.9804
0.9506
0.9846
0.9823
0.9192
0.9318
0.8198
0.9195
0.9123
0.6911
0.6802
0.3574
0.7516
0.7481
0.9482
0.9521
0.8850
0.9538
0.9504
0.8092
0.8294
0.6580
0.8101
0.7935
0.9536
0.9515
0.9272
0.9564
0.9535
0.8198
0.8238
0.7759
0.8323
0.8523
0.9708
0.9686
0.9528
0.9724
0.9701
0.8870
0.8840
0.8356
0.8920
0.8858
0.6891
0.6919
0.3378
0.6863
0.6825
0.9290
0.9236
0.8885
0.9352
0.9260
0.7703
0.7928
0.6761
0.7654
0.7902
