0.9246
0.8750
0.8368
0.7825
0.6825
0.9020
0.8330
0.7553
0.6935
0.3975
0.8347
0.7208
0.7056
0.6572
0.4825
0.8097
0.6879
0.5285
0.4210
0.1211
0.6461
0.5515
0.4820
0.4221
0.3559
0.6317
0.5346
0.4367
0.2878
0.2029
0.7839
0.7269
0.6300
0.5580
0.3954
0.7751
0.6526
0.5167
0.3553
0.1350
0.9571
0.9275
0.8810
0.8233
0.7339
0.9564
0.9246
0.8784
0.7951
0.6755
0.8625
0.8112
0.7847
0.7110
0.6112
0.8561
0.7753
0.6816
0.6203
0.5058
0.8440
0.7746
0.7030
0.6409
0.5266
0.8206
0.7475
0.6401
0.5565
0.4207
0.9351
0.9054
0.8820
0.8087
0.6775
0.9308
0.8770
0.8041
0.7248
0.7021
0.7610
0.6736
0.5447
0.4706
0.3848
0.7345
0.6486
0.5260
0.4157
0.3344
0.8123
0.7412
0.6259
0.5057
0.4050
0.8003
0.7061
0.5604
0.4560
0.3251
0.8923
0.8330
0.7711
0.6899
0.5905
0.8764
0.8100
0.6737
0.5667
0.3883
0.7945
0.7243
0.5940
0.5759
0.4293
0.7956
0.6952
0.5724
0.4159
0.2377
0.9714
0.9424
0.8942
0.8339
0.7071
0.9628
0.9244
0.8632
0.7808
0.5668
0.9334
0.8949
0.8056
0.7229
0.6440
0.9411
0.9004
0.8231
0.7021
0.5250
0.7115
0.6501
0.5726
0.4516
0.3776
0.7653
0.6511
0.5167
0.3471
0.2386
0.7391
0.6776
0.5314
0.4474
0.3047
0.7065
0.6145
0.4731
0.3753
0.1632
0.8167
0.7531
0.6172
0.4887
0.3209
0.7902
0.6968
0.5291
0.3641
0.2500
0.8971
0.8431
0.7756
0.6765
0.6059
0.9135
0.8406
0.7444
0.6416
0.4814
0.8683
0.8150
0.7439
0.6824
0.6118
0.8585
0.7907
0.7045
0.5920
0.4137
0.6210
0.5038
0.4787
0.4184
0.3081
0.6951
0.5628
0.4151
0.3137
0.2267
0.8093
0.7313
0.6453
0.5999
0.5000
0.7818
0.6743
0.5878
0.4913
0.4135
0.8674
0.7762
0.6914
0.5964
0.5101
0.8465
0.7566
0.6588
0.5247
0.4143
0.7012
0.6210
0.5063
0.4051
0.3278
0.7214
0.6050
0.4743
0.3782
0.2554
0.8803
0.8399
0.7800
0.6562
0.5022
0.8691
0.8033
0.6905
0.5108
0.3468
0.8058
0.7634
0.8057
0.7649
0.6898
0.7640
0.7264
0.6801
0.6408
0.6171
0.8778
0.8841
0.7656
0.8917
0.8776
0.5928
0.6271
0.4577
0.6388
0.6533
0.9131
0.9225
0.8376
0.9238
0.9214
0.7205
0.7527
0.6130
0.7440
0.7317
0.2378
0.2899
-0.0000
0.2389
0.2358
0.8264
0.8382
0.7149
0.8375
0.8171
0.4693
0.3932
0.3793
0.4601
0.4678
0.7709
0.8823
0.7294
0.8194
0.8370
0.6221
0.6695
0.5274
0.6095
0.6229
0.8095
0.9158
0.7807
0.8641
0.8615
0.6750
0.7472
0.6555
0.6665
0.6832
0.4192
0.4155
0.0351
0.4187
0.4339
0.7565
0.8105
0.6819
0.7859
0.7566
0.4690
0.5222
0.5070
0.4755
0.5220
0.8998
0.9313
0.8515
0.9223
0.9130
0.7396
0.7731
0.6049
0.7198
0.7672
0.9313
0.9586
0.9015
0.9495
0.9414
0.8060
0.8388
0.7335
0.8141
0.8091
0.5268
0.5261
-0.0000
0.5265
0.5413
0.8542
0.8388
0.7980
0.8766
0.8678
0.6284
0.6366
0.5485
0.6462
0.6175
0.7977
0.8136
0.7239
0.8141
0.8030
0.5650
0.5797
0.4749
0.5526
0.5566
0.8590
0.8727
0.7807
0.8744
0.8634
0.6586
0.6833
0.5671
0.6479
0.6237
0.3612
0.3617
-0.0000
0.3610
0.3608
0.7442
0.7469
0.6466
0.7500
0.7418
0.4299
0.4737
0.3603
0.4696
0.4707
0.9308
0.9449
0.8849
0.9510
0.9346
0.6820
0.7340
0.5742
0.7230
0.7073
0.9584
0.9692
0.9227
0.9713
0.9604
0.8039
0.8070
0.7282
0.8160
0.8209
0.4654
0.4543
-0.0000
0.4273
0.4556
0.8613
0.9063
0.8146
0.9080
0.8676
0.6148
0.6179
0.4614
0.6181
0.5932
0.9649
0.9627
0.8859
0.9677
0.9636
0.7697
0.8348
0.5446
0.8144
0.8059
0.9759
0.9775
0.9573
0.9803
0.9765
0.9065
0.9051
0.6113
0.9174
0.8971
0.2584
0.4819
-0.0000
0.2579
0.3527
0.9416
0.9368
0.8692
0.9496
0.9482
0.6267
0.6945
0.3601
0.6576
0.6224
0.8253
0.6992
0.6321
0.7531
0.7450
0.4768
0.4633
0.3855
0.4707
0.4744
0.7527
0.9012
0.7248
0.8753
0.8210
0.5469
0.5850
0.5005
0.5752
0.5640
0.2913
0.2970
-0.0000
0.2938
0.2993
0.6209
0.7195
0.5753
0.6584
0.6405
0.4052
0.3807
0.3665
0.4149
0.3729
0.9875
0.9854
0.9768
0.9878
0.9860
0.9444
0.9293
0.7098
0.9438
0.9347
0.9922
0.9910
0.9840
0.9925
0.9910
0.9618
0.9593
0.9271
0.9628
0.9620
0.7734
0.7593
-0.0000
0.7731
0.7714
0.9793
0.9754
0.9518
0.9792
0.9767
0.8975
0.8842
0.7079
0.8929
0.9046
0.4755
0.7116
0.4238
0.6890
0.6091
0.2790
0.2963
0.2080
0.2869
0.2836
0.6035
0.7988
0.5847
0.7903
0.7202
0.3344
0.4180
0.2735
0.3667
0.3729
0.1388
0.1341
0.0001
0.1400
0.1405
0.3942
0.5612
0.3890
0.5319
0.4555
0.2179
0.1968
0.1901
0.2238
0.2148
0.7372
0.8931
0.6953
0.8199
0.8037
0.5981
0.6702
0.4580
0.5978
0.6142
0.8073
0.9272
0.7703
0.8811
0.8660
0.6433
0.7803
0.6070
0.6690
0.6417
0.4201
0.3581
-0.0000
0.4217
0.4199
0.6905
0.8449
0.6665
0.8113
0.7229
0.5457
0.5400
0.4424
0.5468
0.5510
0.9587
0.9650
0.8976
0.9631
0.9593
0.8512
0.8612
0.8033
0.8410
0.8411
0.9738
0.9784
0.9496
0.9765
0.9729
0.9067
0.9047
0.8420
0.9068
0.8974
0.7389
0.6617
0.0062
0.7399
0.7056
0.9406
0.9407
0.8762
0.9400
0.9368
0.7549
0.7921
0.6889
0.7957
0.7713
0.6819
0.8221
0.6050
0.7809
0.7177
0.5145
0.5351
0.4516
0.5108
0.5167
0.7725
0.8842
0.6702
0.8502
0.8162
0.5703
0.6394
0.5200
0.5771
0.5865
0.3342
0.3461
0.0001
0.3375
0.3394
0.6327
0.7535
0.5670
0.6369
0.6477
0.4353
0.4526
0.3656
0.4237
0.4033
0.9450
0.9562
0.9261
0.9527
0.9468
0.8568
0.8483
0.5958
0.8564
0.8502
0.9619
0.9725
0.9402
0.9687
0.9653
0.8915
0.9017
0.8273
0.8963
0.8936
0.6566
0.6517
-0.0000
0.6557
0.6541
0.9284
0.9380
0.8532
0.9317
0.9240
0.8018
0.7813
0.5795
0.7756
0.7943
0.4722
0.6982
0.4609
0.6210
0.5477
0.3717
0.3526
0.3096
0.3861
0.3552
0.5002
0.8403
0.5098
0.7403
0.6143
0.4128
0.4312
0.3691
0.4543
0.4307
0.2775
0.1989
0.0097
0.2806
0.2556
0.4386
0.5625
0.4362
0.5036
0.4785
0.3029
0.2837
0.2764
0.3132
0.2934
0.6075
0.8329
0.5327
0.7487
0.6822
0.4551
0.5225
0.2706
0.4578
0.4741
0.6666
0.9066
0.6446
0.8142
0.7446
0.5120
0.6078
0.4202
0.5122
0.5294
0.2117
0.2109
0.0394
0.1855
0.2776
0.7594
0.5588
0.4829
0.6294
0.6179
0.3912
0.3508
0.2367
0.4120
0.3444
0.8094
0.8845
0.7453
0.8448
0.8343
0.6388
0.6703
0.5809
0.6515
0.6368
0.8425
0.9341
0.8141
0.8983
0.8688
0.7011
0.7634
0.6196
0.7039
0.6949
0.4512
0.4544
0.0000
0.4519
0.4243
0.7408
0.8251
0.7146
0.7679
0.7541
0.5305
0.5639
0.4483
0.5292
0.5251
0.7319
0.8286
0.6857
0.7856
0.7728
0.5280
0.5578
0.4215
0.5376
0.5395
0.7771
0.8920
0.6999
0.8522
0.8179
0.5975
0.6622
0.5647
0.6180
0.5987
0.3766
0.3736
0.0003
0.2839
0.3047
0.6746
0.7501
0.6217
0.6814
0.6973
0.4668
0.4405
0.3673
0.4665
0.4664
0.9469
0.9515
0.8955
0.9595
0.9514
0.8171
0.8001
0.6691
0.8020
0.8034
0.9689
0.9702
0.9531
0.9743
0.9710
0.8768
0.8861
0.6957
0.8870
0.8712
0.4465
0.4072
0.0000
0.4389
0.4540
0.9215
0.9289
0.8810
0.9284
0.9216
0.7177
0.6915
0.5027
0.7154
0.6747
0.8042
0.8570
0.7892
0.8624
0.8380
0.6435
0.6517
0.4959
0.6676
0.6603
0.8597
0.9080
0.8545
0.9055
0.8859
0.7219
0.7363
0.6637
0.7407
0.7101
0.4332
0.3894
-0.0000
0.3634
0.4182
0.7641
0.8084
0.7293
0.8076
0.7881
0.5604
0.5719
0.4057
0.5684
0.5458
0.7620
0.8271
0.6384
0.7991
0.7859
0.5851
0.6366
0.4773
0.5884
0.5750
0.8000
0.8865
0.7428
0.8555
0.8302
0.6502
0.7049
0.5865
0.6482
0.6614
0.3594
0.3645
0.0002
0.3711
0.3602
0.6993
0.7733
0.6325
0.7189
0.7241
0.5259
0.5218
0.4604
0.5156
0.5330
0.8940
0.9192
0.8479
0.9300
0.9178
0.6778
0.7227
0.4830
0.6710
0.6869
0.9328
0.9486
0.8603
0.9558
0.9471
0.7724
0.8203
0.6637
0.7793
0.7942
0.4142
0.4365
-0.0000
0.4119
0.4137
0.8472
0.8843
0.7735
0.8730
0.8729
0.5537
0.6222
0.4060
0.5824
0.6160
0.9682
0.9726
0.9467
0.9695
0.9707
0.9060
0.9162
0.7855
0.9104
0.9079
0.9797
0.9792
0.9508
0.9821
0.9786
0.9387
0.9414
0.8721
0.9375
0.9353
0.7040
0.7234
-0.0000
0.6948
0.7046
0.9557
0.9624
0.9059
0.9579
0.9567
0.8554
0.6868
0.8388
0.8598
0.8390
0.8954
0.9027
0.8441
0.9147
0.9095
0.6613
0.7423
0.6014
0.6444
0.6802
0.9259
0.9304
0.8574
0.9381
0.9360
0.7838
0.8082
0.6651
0.7673
0.7789
0.2713
0.4651
0.0001
0.2710
0.3203
0.8402
0.8639
0.7489
0.8700
0.8498
0.5507
0.6479
0.5122
0.5974
0.4415
0.9428
0.9532
0.8939
0.9539
0.9529
0.7102
0.8147
0.5325
0.7460
0.7192
0.9672
0.9717
0.9051
0.9728
0.9691
0.8528
0.8938
0.7194
0.8501
0.8362
0.4692
0.5274
-0.0000
0.5144
0.5076
0.9066
0.9273
0.7811
0.9167
0.9106
0.6658
0.7268
0.4920
0.6672
0.6455
0.8948
0.9177
0.8325
0.9043
0.9006
0.6712
0.6989
0.5804
0.6927
0.7093
0.9239
0.9450
0.8791
0.9383
0.9284
0.7790
0.7997
0.6742
0.7859
0.7825
0.4601
0.4597
0.0001
0.4571
0.4529
0.8557
0.8660
0.7581
0.8669
0.8576
0.5749
0.6403
0.4447
0.5685
0.6124