0.9942
0.9842
0.9789
0.9588
0.9237
0.9845
0.9710
0.9527
0.9443
0.8933
0.9802
0.9610
0.9352
0.9276
0.8859
0.9795
0.9633
0.9496
0.9060
0.8272
0.9961
0.9916
0.9820
0.9592
0.9316
0.9920
0.9851
0.9772
0.9567
0.9257
0.9912
0.9842
0.9642
0.9373
0.8979
0.9946
0.9893
0.9794
0.9621
0.9306
0.9851
0.9750
0.9637
0.9259
0.8747
0.9846
0.9715
0.9395
0.8844
0.8334
0.9928
0.9788
0.9676
0.9414
0.9005
0.9801
0.9692
0.9275
0.9143
0.8601
0.9958
0.9904
0.9783
0.9554
0.8816
0.9928
0.9854
0.9655
0.9297
0.8820
0.9798
0.9627
0.9530
0.9125
0.8375
0.9732
0.9578
0.9156
0.8584
0.7920
0.9857
0.9635
0.9293
0.8974
0.8294
0.9907
0.9798
0.9515
0.9302
0.8871
0.9882
0.9762
0.9620
0.9378
0.8954
0.9933
0.9867
0.9725
0.9578
0.9407
0.9886
0.9729
0.9626
0.9354
0.9132
0.9898
0.9782
0.9590
0.9336
0.8766
0.9797
0.9599
0.9312
0.8977
0.8491
0.9907
0.9796
0.9561
0.9196
0.8166
0.9850
0.9753
0.9670
0.9500
0.9280