268.586
226.299
217.474
175.729
122.729
228.851
200.307
181.610
166.755
107.304
235.046
192.698
168.597
137.437
99.352
235.455
196.902
172.428
128.717
85.990
332.227
288.373
239.716
185.380
151.187
276.135
246.223
246.105
197.907
167.932
269.254
229.241
187.982
147.829
115.421
328.833
290.784
256.251
218.399
168.830
259.604
226.422
192.031
149.633
117.460
240.665
207.210
175.378
125.008
99.598
301.311
238.371
205.031
154.006
104.265
247.235
221.642
176.951
169.928
127.775
306.094
272.059
250.170
204.071
137.932
322.273
278.712
224.377
181.477
129.625
295.939
262.159
247.965
199.108
145.242
199.828
179.863
132.704
95.658
67.339
283.912
228.497
172.928
140.793
108.527
296.016
245.583
194.318
166.205
116.919
285.432
241.279
209.270
160.368
123.371
273.437
242.372
226.884
194.211
150.728
258.139
202.574
201.471
156.107
139.160
273.648
224.816
197.377
158.368
122.637
255.936
216.070
177.359
145.660
108.097
264.748
219.913
181.190
142.305
88.279
251.336
219.749
193.376
163.153
133.112