361.876
322.708
301.623
267.290
240.035
370.713
345.998
315.584
310.526
255.789
371.212
337.467
307.788
283.408
238.971
366.995
336.753
318.892
276.692
236.524
369.568
337.068
303.197
265.015
232.949
360.061
326.686
307.458
274.853
243.805
372.668
340.155
300.576
266.597
239.091
363.889
331.447
304.272
271.971
237.415
370.786
340.351
308.048
267.056
238.356
366.217
338.833
305.894
266.735
234.690
372.402
334.641
312.069
278.861
238.451
357.441
333.025
294.899
279.242
238.951
363.816
328.371
300.009
271.547
234.547
368.669
336.124
302.446
273.425
232.683
360.566
329.720
318.857
276.487
230.642
361.714
334.166
298.893
260.370
236.638
370.189
333.269
291.781
257.760
236.107
365.066
333.247
293.456
274.820
241.343
365.504
334.350
306.649
273.638
241.556
335.637
298.744
317.982
289.656
217.523
371.126
334.401
313.256
275.819
253.907
369.099
334.251
307.495
279.223
252.854
367.159
332.953
300.714
271.356
241.165
369.602
336.081
301.662
270.808
234.860
363.124
331.329
304.522
273.717
239.855