293.575
254.408
233.323
198.990
171.734
273.465
248.750
218.336
213.278
158.542
295.298
261.554
231.874
207.495
163.058
284.110
253.868
236.007
193.808
153.639
288.590
256.091
222.220
184.037
151.971
314.106
280.731
261.502
228.898
197.849
301.221
268.708
229.129
195.150
167.644
310.522
278.080
250.905
218.604
184.049
320.678
290.243
257.941
216.949
188.248
313.553
286.170
253.231
214.071
182.027
286.639
248.878
226.306
193.098
152.688
322.599
298.183
260.057
244.401
204.109
296.940
261.496
233.133
204.672
167.672
301.865
269.320
235.642
206.621
165.879
283.020
252.174
241.311
198.941
153.096
300.218
272.669
237.397
198.874
175.142
284.640
247.720
206.233
172.212
150.558
270.145
238.326
198.536
179.899
146.423
313.912
282.758
255.057
222.046
189.964
312.694
275.802
295.039
266.714
194.581
311.927
275.202
254.057
216.620
194.708
306.194
271.345
244.589
216.318
189.949
310.623
276.416
244.177
214.819
184.628
295.463
261.941
227.523
196.668
160.721
303.644
271.849
245.042
214.237
180.375