0.9660
0.9236
0.9003
0.8471
0.7627
0.9346
0.9042
0.8617
0.8498
0.7834
0.9372
0.9025
0.8573
0.8572
0.8081
0.9181
0.8795
0.8513
0.7817
0.6601
0.9710
0.9484
0.9079
0.8355
0.7518
0.9678
0.9452
0.9149
0.8649
0.8065
0.9554
0.9326
0.8722
0.8175
0.7766
0.9663
0.9426
0.9120
0.8672
0.7781
0.9363
0.9092
0.8887
0.8236
0.7744
0.9339
0.9063
0.8539
0.7798
0.7269
0.9578
0.9065
0.8804
0.7827
0.6437
0.9208
0.8938
0.8234
0.8103
0.7464
0.9745
0.9459
0.8988
0.8436
0.7415
0.9563
0.9231
0.8707
0.8013
0.6974
0.9321
0.8876
0.8518
0.7694
0.6440
0.9283
0.8891
0.8287
0.7743
0.6919
0.9337
0.8711
0.7376
0.6022
0.5268
0.9501
0.9176
0.8436
0.8104
0.7399
0.9503
0.9180
0.8914
0.8583
0.7954
0.9677
0.9469
0.8969
0.8615
0.8329
0.9526
0.9256
0.8927
0.8418
0.8171
0.9475
0.9103
0.8617
0.8216
0.7536
0.9244
0.8812
0.8450
0.8117
0.7633
0.9557
0.9229
0.8710
0.8222
0.7283
0.9759
0.9619
0.9482
0.9261
0.8917