0.9246
0.8750
0.8368
0.7825
0.6825
0.8347
0.7208
0.7056
0.6572
0.4825
0.6461
0.5515
0.4820
0.4221
0.3559
0.7839
0.7269
0.6300
0.5580
0.3954
0.9571
0.9275
0.8810
0.8233
0.7339
0.8625
0.8112
0.7847
0.7110
0.6112
0.8440
0.7746
0.7030
0.6409
0.5266
0.9351
0.9054
0.8820
0.8087
0.6775
0.7610
0.6736
0.5447
0.4706
0.3848
0.8123
0.7412
0.6259
0.5057
0.4050
0.8923
0.8330
0.7711
0.6899
0.5905
0.7945
0.7243
0.5940
0.5759
0.4293
0.9714
0.9424
0.8942
0.8339
0.7071
0.9334
0.8949
0.8056
0.7229
0.6440
0.7115
0.6501
0.5726
0.4516
0.3776
0.7391
0.6776
0.5314
0.4474
0.3047
0.8167
0.7531
0.6172
0.4887
0.3209
0.8971
0.8431
0.7756
0.6765
0.6059
0.8683
0.8150
0.7439
0.6824
0.6118
0.6210
0.5038
0.4787
0.4184
0.3081
0.8093
0.7313
0.6453
0.5999
0.5000
0.8674
0.7762
0.6914
0.5964
0.5101
0.7012
0.6210
0.5063
0.4051
0.3278
0.8803
0.8399
0.7800
0.6562
0.5022
0.8058
0.7634
0.8057
0.7649
0.6898