0.6874
0.5658
0.4882
0.3993
0.3149
0.6022
0.4922
0.4478
0.3459
0.2873
0.6353
0.5507
0.4840
0.4047
0.3565
0.5962
0.5236
0.4270
0.3412
0.2891
0.7346
0.6442
0.5397
0.4379
0.3648
0.7006
0.5998
0.5047
0.4080
0.3161
0.6999
0.6041
0.4983
0.4124
0.3214
0.7160
0.6304
0.5579
0.4578
0.3535
0.6802
0.5856
0.4697
0.3901
0.3149
0.6641
0.5709
0.4680
0.3549
0.2664
0.6927
0.5979
0.5249
0.4522
0.3609
0.6194
0.5352
0.4219
0.3910
0.3193
0.6983
0.5925
0.4948
0.4095
0.2846
0.6918
0.5963
0.4863
0.3892
0.3289
0.6420
0.5515
0.4700
0.3986
0.3357
0.6062
0.4949
0.3711
0.3226
0.2166
0.6686
0.5829
0.4649
0.3445
0.2310
0.6727
0.5783
0.4806
0.3958
0.3314
0.6910
0.6126
0.5193
0.4530
0.3670
0.7054
0.6089
0.5381
0.4469
0.3668
0.6984
0.6246
0.5283
0.4405
0.3285
0.6618
0.5622
0.4628
0.3795
0.2845
0.6374
0.5370
0.4432
0.3388
0.2653
0.6880
0.5923
0.4938
0.3919
0.2951
0.8589
0.8232
0.7895
0.7542
0.6957