338.300
277.444
241.921
195.871
151.606
322.893
280.048
251.340
234.908
177.209
325.466
280.506
247.613
212.762
154.646
296.885
256.211
230.910
179.672
139.998
436.845
366.088
308.525
250.713
208.743
365.741
321.128
296.950
252.134
212.594
342.728
284.666
228.486
185.279
149.401
430.831
362.992
319.119
264.379
217.786
352.778
299.674
248.229
194.832
158.158
334.697
289.834
240.084
186.945
150.758
379.266
311.020
274.514
221.372
171.093
312.160
275.525
222.801
205.388
160.918
405.269
347.142
304.450
260.866
205.476
373.506
314.923
255.402
214.679
161.370
407.930
362.974
345.777
289.841
231.730
303.977
272.410
225.698
182.317
153.411
365.366
298.965
238.171
198.009
167.692
395.549
336.595
275.166
247.255
197.074
385.096
322.213
275.407
227.292
184.633
337.824
289.229
291.725
250.389
188.406
366.622
301.732
274.672
221.233
188.871
366.939
308.571
268.767
231.005
191.729
344.426
290.083
245.346
207.422
168.739
343.953
292.602
243.047
200.301
152.646
328.693
292.574
265.497
229.503
198.655