388.798
337.756
319.096
268.770
223.616
340.511
304.383
266.320
260.284
178.043
339.689
295.364
263.581
227.970
176.423
350.620
304.803
282.806
222.106
181.313
383.181
338.104
295.191
242.207
201.323
362.964
324.200
331.582
281.568
239.851
368.617
321.273
275.526
231.375
199.096
402.692
358.038
328.112
281.574
232.806
386.542
344.425
301.106
246.389
219.412
375.914
336.373
296.918
244.622
207.482
383.318
320.265
285.274
229.655
180.476
378.058
342.602
293.385
277.052
225.821
400.633
360.538
344.266
295.611
232.386
404.915
360.026
302.824
258.934
208.662
323.618
287.322
285.057
232.640
173.031
356.162
329.575
280.708
232.141
196.938
354.927
305.639
239.628
196.825
173.122
360.939
307.588
258.675
228.653
178.491
399.082
348.278
308.100
256.429
218.387
324.592
285.846
332.113
298.707
205.285
379.908
319.058
304.162
254.084
233.764
383.487
328.265
301.921
257.306
223.549
365.515
316.810
273.647
236.951
202.754
364.830
318.982
278.191
234.410
186.443
325.327
291.946
264.485
229.427
198.363