268.586
226.299
217.474
175.729
122.729
302.527
250.739
200.154
165.076
109.248
228.851
200.307
181.610
166.755
107.304
268.236
239.966
201.615
129.998
66.073
235.046
192.698
168.597
137.437
99.352
321.447
289.594
261.996
183.562
137.893
235.455
196.902
172.428
128.717
85.990
278.077
251.827
203.150
166.930
62.194
332.227
288.373
239.716
185.380
151.187
385.809
338.055
291.193
204.638
165.629
276.135
246.223
246.105
197.907
167.932
325.796
282.978
239.010
205.700
156.603
269.254
229.241
187.982
147.829
115.421
321.181
276.901
231.827
180.057
105.094
328.833
290.784
256.251
218.399
168.830
350.868
310.083
267.446
209.251
156.941
259.604
226.422
192.031
149.633
117.460
321.620
276.871
243.428
158.894
149.787
240.665
207.210
175.378
125.008
99.598
304.254
251.362
210.748
207.120
138.768
301.311
238.371
205.031
154.006
104.265
333.850
294.901
218.651
179.396
137.870
247.235
221.642
176.951
169.928
127.775
322.606
294.266
258.014
188.325
142.927
306.094
272.059
250.170
204.071
137.932
324.220
287.064
231.480
184.634
127.397
322.273
278.712
224.377
181.477
129.625
372.156
325.391
288.610
210.549
168.127
295.939
262.159
247.965
199.108
145.242
391.872
354.530
301.297
259.856
211.073
199.828
179.863
132.704
95.658
67.339
263.232
237.763
197.179
141.535
78.384
283.912
228.497
172.928
140.793
108.527
304.776
270.579
218.848
183.808
114.332
296.016
245.583
194.318
166.205
116.919
348.844
301.563
233.816
179.109
133.451
285.432
241.279
209.270
160.368
123.371
331.440
278.412
242.749
189.062
133.979
273.437
242.372
226.884
194.211
150.728
315.433
294.665
260.140
242.635
181.157
258.139
202.574
201.471
156.107
139.160
301.254
267.701
241.435
204.111
172.687
273.648
224.816
197.377
158.368
122.637
314.569
275.148
235.758
195.941
145.965
255.936
216.070
177.359
145.660
108.097
328.041
291.651
244.475
217.454
174.731
264.748
219.913
181.190
142.305
88.279
325.384
284.951
224.471
166.149
104.731
251.336
219.749
193.376
163.153
133.112
365.353
335.865
271.830
242.191
199.432