361.876
322.708
301.623
267.290
240.035
342.627
310.675
270.911
255.870
211.122
370.713
345.998
315.584
310.526
255.789
347.520
313.209
276.543
254.433
216.159
371.212
337.467
307.788
283.408
238.971
357.387
324.519
294.209
258.077
236.061
366.995
336.753
318.892
276.692
236.524
351.119
316.191
283.755
246.787
208.843
369.568
337.068
303.197
265.015
232.949
359.973
328.195
295.652
256.950
222.458
360.061
326.686
307.458
274.853
243.805
348.289
313.923
276.058
246.286
223.074
372.668
340.155
300.576
266.597
239.091
354.784
319.505
286.487
253.820
221.938
363.889
331.447
304.272
271.971
237.415
352.893
317.000
282.855
252.253
222.031
370.786
340.351
308.048
267.056
238.356
350.049
318.392
286.773
248.206
228.391
366.217
338.833
305.894
266.735
234.690
348.626
314.871
278.072
250.624
219.260
372.402
334.641
312.069
278.861
238.451
358.320
326.134
289.695
252.772
215.394
357.441
333.025
294.899
279.242
238.951
354.623
321.403
291.729
254.268
216.124
363.816
328.371
300.009
271.547
234.547
348.350
311.833
280.541
252.942
205.147
368.669
336.124
302.446
273.425
232.683
359.558
329.744
299.807
259.898
217.931
360.566
329.720
318.857
276.487
230.642
359.811
327.874
292.779
255.025
227.293
361.714
334.166
298.893
260.370
236.638
340.712
306.371
272.176
246.820
217.381
370.189
333.269
291.781
257.760
236.107
349.838
310.669
281.704
240.759
211.902
365.066
333.247
293.456
274.820
241.343
359.264
322.463
284.686
255.583
221.434
365.504
334.350
306.649
273.638
241.556
355.323
323.462
285.584
248.779
210.628
335.637
298.744
317.982
289.656
217.523
349.873
318.433
285.878
248.480
216.443
371.126
334.401
313.256
275.819
253.907
349.598
318.113
281.879
249.242
222.774
369.099
334.251
307.495
279.223
252.854
355.876
321.208
289.993
254.731
225.802
367.159
332.953
300.714
271.356
241.165
362.128
330.337
292.631
263.550
230.220
369.602
336.081
301.662
270.808
234.860
355.397
320.668
282.631
235.625
210.314
363.124
331.329
304.522
273.717
239.855
346.732
311.011
282.549
260.277
227.351