293.575
254.408
233.323
198.990
171.734
274.326
242.375
202.611
187.570
142.821
273.465
248.750
218.336
213.278
158.542
250.272
215.961
179.296
157.185
118.911
295.298
261.554
231.874
207.495
163.058
281.474
248.606
218.296
182.164
160.147
284.110
253.868
236.007
193.808
153.639
268.234
233.306
200.870
163.902
125.958
288.590
256.091
222.220
184.037
151.971
278.995
247.217
214.674
175.973
141.480
314.106
280.731
261.502
228.898
197.849
302.334
267.968
230.103
200.330
177.118
301.221
268.708
229.129
195.150
167.644
283.337
248.058
215.040
182.373
150.491
310.522
278.080
250.905
218.604
184.049
299.526
263.633
229.488
198.886
168.664
320.678
290.243
257.941
216.949
188.248
299.942
268.284
236.665
198.098
178.283
313.553
286.170
253.231
214.071
182.027
295.963
262.208
225.408
197.960
166.596
286.639
248.878
226.306
193.098
152.688
272.557
240.371
203.932
167.009
129.631
322.599
298.183
260.057
244.401
204.109
319.781
286.561
256.888
219.427
181.283
296.940
261.496
233.133
204.672
167.672
281.475
244.958
213.666
186.066
138.272
301.865
269.320
235.642
206.621
165.879
292.754
262.939
233.002
193.093
151.127
283.020
252.174
241.311
198.941
153.096
282.265
250.328
215.233
177.479
149.747
300.218
272.669
237.397
198.874
175.142
279.216
244.875
210.680
185.323
155.885
284.640
247.720
206.233
172.212
150.558
264.289
225.120
196.155
155.210
126.353
270.145
238.326
198.536
179.899
146.423
264.344
227.543
189.766
160.663
126.513
313.912
282.758
255.057
222.046
189.964
303.731
271.870
233.992
197.188
159.036
312.694
275.802
295.039
266.714
194.581
326.931
295.490
262.936
225.537
193.501
311.927
275.202
254.057
216.620
194.708
290.399
258.914
222.680
190.043
163.574
306.194
271.345
244.589
216.318
189.949
292.971
258.303
227.088
191.826
162.897
310.623
276.416
244.177
214.819
184.628
305.592
273.801
236.094
207.013
173.683
295.463
261.941
227.523
196.668
160.721
281.258
246.529
208.492
161.486
136.175
303.644
271.849
245.042
214.237
180.375
287.252
251.531
223.069
200.797
167.871