0.9660
0.9236
0.9003
0.8471
0.7627
0.9484
0.8963
0.8308
0.7792
0.5336
0.9346
0.9042
0.8617
0.8498
0.7834
0.9148
0.8430
0.7383
0.6611
0.5659
0.9372
0.9025
0.8573
0.8572
0.8081
0.8864
0.8171
0.7227
0.5724
0.5208
0.9181
0.8795
0.8513
0.7817
0.6601
0.8850
0.7884
0.6754
0.5111
0.4742
0.9710
0.9484
0.9079
0.8355
0.7518
0.9642
0.9310
0.8825
0.7884
0.6793
0.9678
0.9452
0.9149
0.8649
0.8065
0.9359
0.8832
0.7859
0.7323
0.6177
0.9554
0.9326
0.8722
0.8175
0.7766
0.9206
0.8556
0.7431
0.6542
0.5855
0.9663
0.9426
0.9120
0.8672
0.7781
0.9563
0.9097
0.8481
0.7777
0.7293
0.9363
0.9092
0.8887
0.8236
0.7744
0.8964
0.8290
0.7149
0.6275
0.5447
0.9339
0.9063
0.8539
0.7798
0.7269
0.9049
0.8351
0.7028
0.5641
0.4314
0.9578
0.9065
0.8804
0.7827
0.6437
0.9423
0.8966
0.8073
0.7132
0.5851
0.9208
0.8938
0.8234
0.8103
0.7464
0.9048
0.8246
0.7288
0.6051
0.5214
0.9745
0.9459
0.8988
0.8436
0.7415
0.9652
0.9269
0.8670
0.7974
0.5976
0.9563
0.9231
0.8707
0.8013
0.6974
0.9537
0.9175
0.8496
0.7396
0.5851
0.9321
0.8876
0.8518
0.7694
0.6440
0.9211
0.8469
0.7463
0.5832
0.4838
0.9283
0.8891
0.8287
0.7743
0.6919
0.8671
0.7942
0.6351
0.5823
0.3805
0.9337
0.8711
0.7376
0.6022
0.5268
0.8999
0.8331
0.7354
0.5851
0.5228
0.9501
0.9176
0.8436
0.8104
0.7399
0.9458
0.8873
0.7991
0.7412
0.5544
0.9503
0.9180
0.8914
0.8583
0.7954
0.9335
0.8913
0.8151
0.6983
0.5632
0.9677
0.9469
0.8969
0.8615
0.8329
0.9266
0.8728
0.8033
0.7055
0.5730
0.9526
0.9256
0.8927
0.8418
0.8171
0.9292
0.8605
0.7885
0.7036
0.6250
0.9475
0.9103
0.8617
0.8216
0.7536
0.9246
0.8523
0.7637
0.6466
0.5784
0.9244
0.8812
0.8450
0.8117
0.7633
0.8992
0.8210
0.6978
0.5980
0.4521
0.9557
0.9229
0.8710
0.8222
0.7283
0.9299
0.8696
0.7670
0.5933
0.4734
0.9759
0.9619
0.9482
0.9261
0.8917
0.9066
0.8538
0.7800
0.7185
0.6883