0.9246
0.8750
0.8368
0.7825
0.6825
0.9020
0.8330
0.7553
0.6935
0.3975
0.8347
0.7208
0.7056
0.6572
0.4825
0.8097
0.6879
0.5285
0.4210
0.1211
0.6461
0.5515
0.4820
0.4221
0.3559
0.6317
0.5346
0.4367
0.2878
0.2029
0.7839
0.7269
0.6300
0.5580
0.3954
0.7751
0.6526
0.5167
0.3553
0.1350
0.9571
0.9275
0.8810
0.8233
0.7339
0.9564
0.9246
0.8784
0.7951
0.6755
0.8625
0.8112
0.7847
0.7110
0.6112
0.8561
0.7753
0.6816
0.6203
0.5058
0.8440
0.7746
0.7030
0.6409
0.5266
0.8206
0.7475
0.6401
0.5565
0.4207
0.9351
0.9054
0.8820
0.8087
0.6775
0.9308
0.8770
0.8041
0.7248
0.7021
0.7610
0.6736
0.5447
0.4706
0.3848
0.7345
0.6486
0.5260
0.4157
0.3344
0.8123
0.7412
0.6259
0.5057
0.4050
0.8003
0.7061
0.5604
0.4560
0.3251
0.8923
0.8330
0.7711
0.6899
0.5905
0.8764
0.8100
0.6737
0.5667
0.3883
0.7945
0.7243
0.5940
0.5759
0.4293
0.7956
0.6952
0.5724
0.4159
0.2377
0.9714
0.9424
0.8942
0.8339
0.7071
0.9628
0.9244
0.8632
0.7808
0.5668
0.9334
0.8949
0.8056
0.7229
0.6440
0.9411
0.9004
0.8231
0.7021
0.5250
0.7115
0.6501
0.5726
0.4516
0.3776
0.7653
0.6511
0.5167
0.3471
0.2386
0.7391
0.6776
0.5314
0.4474
0.3047
0.7065
0.6145
0.4731
0.3753
0.1632
0.8167
0.7531
0.6172
0.4887
0.3209
0.7902
0.6968
0.5291
0.3641
0.2500
0.8971
0.8431
0.7756
0.6765
0.6059
0.9135
0.8406
0.7444
0.6416
0.4814
0.8683
0.8150
0.7439
0.6824
0.6118
0.8585
0.7907
0.7045
0.5920
0.4137
0.6210
0.5038
0.4787
0.4184
0.3081
0.6951
0.5628
0.4151
0.3137
0.2267
0.8093
0.7313
0.6453
0.5999
0.5000
0.7818
0.6743
0.5878
0.4913
0.4135
0.8674
0.7762
0.6914
0.5964
0.5101
0.8465
0.7566
0.6588
0.5247
0.4143
0.7012
0.6210
0.5063
0.4051
0.3278
0.7214
0.6050
0.4743
0.3782
0.2554
0.8803
0.8399
0.7800
0.6562
0.5022
0.8691
0.8033
0.6905
0.5108
0.3468
0.8058
0.7634
0.8057
0.7649
0.6898
0.7640
0.7264
0.6801
0.6408
0.6171