338.300
277.444
241.921
195.871
151.606
384.151
306.076
220.351
198.912
128.667
322.893
280.048
251.340
234.908
177.209
349.950
303.952
243.274
204.105
122.471
325.466
280.506
247.613
212.762
154.646
409.026
365.071
321.722
248.624
224.904
296.885
256.211
230.910
179.672
139.998
351.622
313.246
278.208
232.180
135.765
436.845
366.088
308.525
250.713
208.743
444.596
471.222
390.022
296.217
243.424
365.741
321.128
296.950
252.134
212.594
451.011
373.383
310.764
282.266
226.743
342.728
284.666
228.486
185.279
149.401
419.437
370.992
292.029
233.650
160.018
430.831
362.992
319.119
264.379
217.786
476.344
433.925
360.837
289.997
248.316
352.778
299.674
248.229
194.832
158.158
429.527
386.093
322.300
217.622
198.980
334.697
289.834
240.084
186.945
150.758
415.103
348.518
296.844
277.846
213.197
379.266
311.020
274.514
221.372
171.093
442.891
378.228
302.279
251.985
196.980
312.160
275.525
222.801
205.388
160.918
390.280
349.290
293.467
238.162
197.791
405.269
347.142
304.450
260.866
205.476
463.729
375.252
306.144
262.907
198.874
373.506
314.923
255.402
214.679
161.370
444.470
391.045
342.393
255.821
212.941
407.930
362.974
345.777
289.841
231.730
476.209
440.375
391.374
351.202
290.392
303.977
272.410
225.698
182.317
153.411
373.086
332.225
290.386
240.090
176.149
365.366
298.965
238.171
198.009
167.692
420.869
362.697
282.251
243.671
187.916
395.549
336.595
275.166
247.255
197.074
482.119
403.490
311.458
252.694
216.412
385.096
322.213
275.407
227.292
184.633
471.720
391.025
337.027
279.152
189.416
337.824
289.229
291.725
250.389
188.406
450.519
402.804
353.408
326.726
269.640
366.622
301.732
274.672
221.233
188.871
428.260
365.523
308.982
262.468
211.200
366.939
308.571
268.767
231.005
191.729
428.739
370.141
318.759
268.397
228.878
344.426
290.083
245.346
207.422
168.739
455.880
404.463
350.783
306.806
260.609
343.953
292.602
243.047
200.301
152.646
439.507
367.003
291.578
208.103
172.111
328.693
292.574
265.497
229.503
198.655
483.040
426.753
354.166
311.805
255.571