388.798
337.756
319.096
268.770
223.616
429.536
366.604
297.951
270.842
210.091
340.511
304.383
266.320
260.284
178.043
389.094
354.181
307.412
230.895
166.356
339.689
295.364
263.581
227.970
176.423
446.585
404.209
367.524
271.340
229.537
350.620
304.803
282.806
222.106
181.313
409.608
376.209
315.462
267.132
156.113
383.181
338.104
295.191
242.207
201.323
449.091
394.291
340.726
261.325
213.879
362.964
324.200
331.582
281.568
239.851
437.992
385.905
332.462
288.882
247.787
368.617
321.273
275.526
231.375
199.096
433.270
380.816
323.619
270.400
187.117
402.692
358.038
328.112
281.574
232.806
441.524
390.526
338.256
275.077
212.192
386.542
344.425
301.106
246.389
219.412
463.262
408.446
365.916
259.966
250.961
375.914
336.373
296.918
244.622
207.482
449.828
382.810
331.330
323.956
244.578
383.318
320.265
285.274
229.655
180.476
431.349
381.877
299.172
253.402
211.516
378.058
342.602
293.385
277.052
225.821
471.998
430.402
382.801
292.333
243.683
400.633
360.538
344.266
295.611
232.386
438.073
390.215
329.209
279.798
208.560
404.915
360.026
302.824
258.934
208.662
463.154
406.255
369.269
281.420
235.490
323.618
287.322
285.057
232.640
173.031
432.666
386.845
327.562
283.952
229.780
356.162
329.575
280.708
232.141
196.938
434.577
399.373
342.266
269.967
208.359
354.927
305.639
239.628
196.825
173.122
386.051
344.559
281.271
241.026
172.393
360.939
307.588
258.675
228.653
178.491
420.891
364.218
292.734
221.724
191.014
399.082
348.278
308.100
256.429
218.387
451.414
392.798
350.400
293.927
227.173
324.592
285.846
332.113
298.707
205.285
438.544
413.325
366.352
348.273
278.533
379.908
319.058
304.162
254.084
233.764
433.432
390.074
352.367
310.000
274.185
383.487
328.265
301.921
257.306
223.549
436.264
393.274
348.091
298.413
243.443
365.515
316.810
273.647
236.951
202.754
451.473
399.464
346.703
309.887
261.513
364.830
318.982
278.191
234.410
186.443
442.096
393.282
320.327
262.700
203.353
325.327
291.946
264.485
229.427
198.363
450.311
422.886
346.298
307.943
255.569