   0.7172
   0.8451
   0.9301
   0.9653
   0.9808
   0.9889
   0.9938
   0.8606
   0.9347
   0.9552
   0.9760
   0.9875
   0.9922
   0.9954
   0.8796
   0.9377
   0.9720
   0.9828
   0.9828
   0.9939
   0.9967
   0.8452
   0.9037
   0.9321
   0.9556
   0.9691
   0.9811
   0.9899
   0.8132
   0.9062
   0.9568
   0.9742
   0.9882
   0.9941
   0.9971
   0.8564
   0.9240
   0.9687
   0.9828
   0.9895
   0.9950
   0.9972
   0.8029
   0.8909
   0.9332
   0.9649
   0.9850
   0.9926
   0.9967
   0.8959
   0.9614
   0.9805
   0.9901
   0.9944
   0.9970
   0.9983
   0.7320
   0.8107
   0.9033
   0.9515
   0.9734
   0.9874
   0.9934
   0.8392
   0.9488
   0.9808
   0.9880
   0.9930
   0.9956
   0.9974
   0.8918
   0.9483
   0.9697
   0.9825
   0.9910
   0.9949
   0.9968
   0.8510
   0.9094
   0.9440
   0.9546
   0.9754
   0.9871
   0.9941
   0.8889
   0.9489
   0.9729
   0.9869
   0.9934
   0.9960
   0.9976
   0.8679
   0.9220
   0.9524
   0.9742
   0.9871
   0.9947
   0.9975
   0.8015
   0.8833
   0.9433
   0.9645
   0.9816
   0.9901
   0.9947
   0.8422
   0.9042
   0.9479
   0.9693
   0.9819
   0.9897
   0.9943
   0.9073
   0.9312
   0.9647
   0.9811
   0.9901
   0.9952
   0.9975
   0.6978
   0.8860
   0.9454
   0.9742
   0.9858
   0.9904
   0.9946
   0.7591
   0.8799
   0.9270
   0.9602
   0.9789
   0.9876
   0.9937
   0.7962
   0.9004
   0.9525
   0.9701
   0.9809
   0.9872
   0.9927
   0.8448
   0.9124
   0.9413
   0.9689
   0.9826
   0.9894
   0.9939
   0.9225
   0.9739
   0.9873
   0.9913
   0.9943
   0.9959
   0.9974
   0.8677
   0.9199
   0.9485
   0.9676
   0.9803
   0.9883
   0.9937
   0.8465
   0.9411
   0.9604
   0.9798
   0.9885
   0.9930
   0.9964
   0.8717
   0.9341
   0.9447
   0.9700
   0.9850
   0.9920
   0.9957