58.474
123.817
160.448
196.129
220.180
251.663
289.128
94.282
142.333
169.091
195.902
218.989
227.130
252.122
108.029
163.570
208.597
231.008
231.008
278.213
300.960
147.346
179.601
211.055
238.211
263.901
291.568
330.074
111.651
153.288
197.407
237.413
260.490
296.768
325.904
129.448
154.028
180.619
211.528
257.301
292.745
321.835
74.160
136.099
179.244
224.814
261.903
305.446
330.357
113.426
160.756
199.858
233.608
255.690
283.049
305.496
58.410
87.644
136.461
179.506
214.088
253.728
286.458
88.688
164.804
210.563
235.544
258.645
287.581
329.517
134.688
183.744
218.776
258.484
284.914
308.339
328.286
76.851
133.998
184.735
190.435
223.908
269.564
304.990
135.245
183.945
229.404
262.343
290.586
316.867
335.746
89.669
135.174
163.370
208.344
249.385
286.397
327.151
107.884
143.350
190.397
222.465
254.520
281.282
316.021
132.629
164.554
194.901
230.480
266.847
302.269
333.486
126.261
153.309
187.706
223.535
268.643
308.078
327.116
83.399
135.107
180.585
213.088
236.368
249.863
279.439
90.802
138.282
163.723
202.924
237.534
269.112
294.451
96.016
146.954
203.477
231.494
260.806
288.074
328.940
127.018
158.465
178.666
208.942
234.873
257.243
289.332
132.445
191.276
235.371
244.608
256.830
271.972
295.745
118.115
135.660
156.195
185.777
218.378
246.815
284.882
105.659
146.343
162.570
197.471
234.072
257.476
283.149
161.230
207.574
226.251
254.510
291.638
320.499
347.544