198.854
243.532
274.594
306.545
328.652
359.351
382.357
224.047
258.277
286.304
312.395
337.203
356.860
381.088
224.672
265.615
299.630
321.116
321.116
361.078
381.615
222.242
245.613
271.770
292.239
311.178
336.055
361.713
223.748
259.178
291.874
318.340
346.039
371.253
397.098
238.680
270.616
302.137
330.646
358.820
388.626
412.308
193.726
239.948
279.493
311.239
341.084
363.771
392.802
221.677
261.899
290.481
316.884
339.885
363.353
385.622
198.344
236.505
275.362
309.819
335.323
361.084
385.564
193.502
258.998
298.399
316.913
339.310
364.134
387.916
207.453
239.608
266.040
290.787
316.271
336.517
356.312
179.743
239.906
278.952
289.218
318.141
344.850
371.819
228.508
268.128
288.420
315.780
342.277
363.316
382.577
210.211
243.489
274.288
308.983
340.194
376.206
403.607
212.903
248.427
282.134
300.612
327.398
353.019
377.167
217.448
242.241
273.335
300.211
325.147
349.476
370.818
242.948
258.912
293.952
323.779
358.515
387.421
415.096
201.122
247.079
279.838
310.225
334.366
349.117
373.303
216.983
255.288
277.495
306.384
331.982
353.631
374.840
162.650
206.123
249.433
270.678
290.264
310.242
332.532
233.567
256.223
278.005
308.744
328.304
345.068
366.478
222.547
272.968
309.176
326.916
343.583
357.773
377.880
221.460
242.155
265.105
292.895
316.758
335.180
359.093
217.323
251.296
267.262
295.367
321.424
345.625
369.933
219.855
257.629
277.184
302.694
328.457
353.111
374.320