138.139
182.817
213.879
245.830
267.937
298.636
321.642
174.315
208.545
236.572
262.663
287.471
307.129
331.356
168.505
209.448
243.463
264.949
264.949
304.911
325.448
166.883
190.254
216.411
236.880
255.819
280.697
306.354
166.925
202.355
235.050
261.517
289.216
314.430
340.275
204.455
236.391
267.912
296.421
324.595
354.401
378.083
129.061
175.282
214.828
246.574
276.418
299.106
328.136
162.512
202.734
231.316
257.720
280.720
304.188
326.458
129.279
167.440
206.297
240.754
266.258
292.019
316.500
127.465
192.961
232.362
250.876
273.273
298.097
321.879
148.895
181.050
207.483
232.230
257.714
277.959
297.754
115.448
175.611
214.657
224.924
253.846
280.555
307.524
153.912
193.532
213.824
241.184
267.681
288.720
307.981
182.986
216.265
247.064
281.759
312.970
348.982
376.382
166.746
202.271
235.978
254.456
281.242
306.862
331.011
138.281
163.074
194.168
221.044
245.981
270.309
291.651
200.991
216.955
251.995
281.821
316.558
345.464
373.138
144.473
190.430
223.189
253.577
277.717
292.468
316.655
157.318
195.623
217.831
246.719
272.318
293.966
315.175
85.680
129.153
172.464
193.709
213.295
233.272
255.562
180.302
202.958
224.741
255.479
275.039
291.803
313.214
167.979
218.399
254.607
272.347
289.014
303.205
323.311
157.887
178.582
201.531
229.322
253.185
271.607
295.519
152.761
186.735
202.700
230.805
256.862
281.063
305.372
174.476
212.251
231.806
257.316
283.079
307.732
328.942