   0.6385
   0.6868
   0.8123
   0.8874
   0.9285
   0.9510
   0.9656
   0.7575
   0.8232
   0.8760
   0.9243
   0.9526
   0.9691
   0.9809
   0.7520
   0.8226
   0.8929
   0.9247
   0.9247
   0.9687
   0.9807
   0.6595
   0.7449
   0.7970
   0.8465
   0.8781
   0.9143
   0.9436
   0.6666
   0.7799
   0.8592
   0.9029
   0.9462
   0.9665
   0.9815
   0.6801
   0.8091
   0.8965
   0.9405
   0.9606
   0.9771
   0.9856
   0.7254
   0.7976
   0.8423
   0.9012
   0.9420
   0.9637
   0.9808
   0.7602
   0.8812
   0.9262
   0.9569
   0.9736
   0.9840
   0.9900
   0.8066
   0.8299
   0.8666
   0.9024
   0.9281
   0.9534
   0.9709
   0.7161
   0.8526
   0.9252
   0.9468
   0.9673
   0.9786
   0.9863
   0.7071
   0.8257
   0.8784
   0.9209
   0.9522
   0.9698
   0.9809
   0.7350
   0.8483
   0.8831
   0.9046
   0.9353
   0.9562
   0.9741
   0.7387
   0.8501
   0.8947
   0.9361
   0.9636
   0.9757
   0.9846
   0.7976
   0.8420
   0.8818
   0.9194
   0.9485
   0.9740
   0.9850
   0.6804
   0.7494
   0.8347
   0.8848
   0.9252
   0.9525
   0.9692
   0.7095
   0.7967
   0.8618
   0.8975
   0.9296
   0.9537
   0.9701
   0.8085
   0.8277
   0.8896
   0.9296
   0.9559
   0.9736
   0.9854
   0.5349
   0.7511
   0.8399
   0.9107
   0.9442
   0.9606
   0.9758
   0.7216
   0.8277
   0.8668
   0.9026
   0.9349
   0.9553
   0.9709
   0.6603
   0.7511
   0.8388
   0.8846
   0.9139
   0.9334
   0.9554
   0.6819
   0.7815
   0.8476
   0.9040
   0.9353
   0.9546
   0.9693
   0.7785
   0.8969
   0.9434
   0.9601
   0.9735
   0.9810
   0.9868
   0.7042
   0.8126
   0.8668
   0.9049
   0.9359
   0.9551
   0.9699
   0.6802
   0.8294
   0.8754
   0.9318
   0.9521
   0.9679
   0.9804
   0.6919
   0.7928
   0.8238
   0.8840
   0.9236
   0.9515
   0.9686