   0.2358
   0.4678
   0.6533
   0.7317
   0.8171
   0.8776
   0.9214
   0.4397
   0.5143
   0.6261
   0.6864
   0.7854
   0.8262
   0.8496
   0.5413
   0.6175
   0.7672
   0.8090
   0.8677
   0.9130
   0.9414
   0.3608
   0.4707
   0.5566
   0.6237
   0.7418
   0.8030
   0.8635
   0.4556
   0.5932
   0.7073
   0.8209
   0.8676
   0.9346
   0.9604
   0.3527
   0.6224
   0.8059
   0.8971
   0.9482
   0.9636
   0.9765
   0.2993
   0.3729
   0.4744
   0.5640
   0.6405
   0.7450
   0.8210
   0.7714
   0.9046
   0.9347
   0.9620
   0.9767
   0.9860
   0.9910
   0.1405
   0.2148
   0.2836
   0.3729
   0.4555
   0.6091
   0.7202
   0.4199
   0.5510
   0.6142
   0.6417
   0.7229
   0.8037
   0.8660
   0.7097
   0.7734
   0.8411
   0.8974
   0.9368
   0.9593
   0.9729
   0.3394
   0.4031
   0.5167
   0.5866
   0.6477
   0.7177
   0.8164
   0.6541
   0.7940
   0.8499
   0.8937
   0.9240
   0.9471
   0.9648
   0.2538
   0.2940
   0.3566
   0.4335
   0.4778
   0.5487
   0.6150
   0.2820
   0.3459
   0.4721
   0.5246
   0.6041
   0.6957
   0.7331
   0.4243
   0.5255
   0.6368
   0.6950
   0.7539
   0.8343
   0.8687
   0.3047
   0.4665
   0.5395
   0.5985
   0.6971
   0.7727
   0.8179
   0.4540
   0.6747
   0.8034
   0.8712
   0.9216
   0.9514
   0.9710
   0.4182
   0.5458
   0.6603
   0.7101
   0.7881
   0.8380
   0.8859
   0.3604
   0.5330
   0.5748
   0.6614
   0.7241
   0.7859
   0.8302
   0.4137
   0.6160
   0.6869
   0.7942
   0.8729
   0.9178
   0.9471
   0.7046
   0.8598
   0.9079
   0.9353
   0.9567
   0.9707
   0.9786
   0.3203
   0.4416
   0.6803
   0.7791
   0.8503
   0.9095
   0.9361
   0.5076
   0.6456
   0.7192
   0.8362
   0.9106
   0.9529
   0.9691
   0.4529
   0.6124
   0.7093
   0.7825
   0.8576
   0.9006
   0.9284
