   0.1740
   0.2424
   0.4033
   0.5203
   0.6070
   0.6774
   0.7357
   0.2464
   0.3360
   0.4366
   0.5275
   0.6128
   0.6887
   0.7578
   0.2800
   0.3832
   0.4918
   0.5675
   0.5675
   0.7055
   0.7648
   0.2561
   0.3228
   0.4046
   0.4700
   0.5284
   0.6015
   0.6733
   0.2337
   0.3578
   0.4528
   0.5374
   0.6388
   0.7114
   0.7829
   0.2346
   0.3641
   0.5216
   0.6405
   0.7074
   0.7792
   0.8273
   0.2383
   0.3309
   0.4164
   0.5119
   0.6129
   0.6827
   0.7633
   0.2848
   0.4207
   0.5049
   0.5898
   0.6695
   0.7323
   0.7906
   0.1313
   0.2096
   0.3160
   0.4202
   0.5104
   0.6092
   0.6851
   0.2124
   0.3858
   0.5091
   0.5741
   0.6541
   0.7178
   0.7746
   0.2542
   0.3657
   0.4400
   0.5125
   0.5889
   0.6504
   0.7078
   0.2256
   0.3321
   0.4137
   0.4679
   0.5530
   0.6215
   0.6933
   0.2980
   0.4330
   0.4969
   0.5833
   0.6640
   0.7192
   0.7724
   0.2347
   0.3340
   0.4104
   0.4883
   0.5742
   0.6740
   0.7451
   0.1643
   0.2610
   0.3620
   0.4328
   0.5190
   0.6072
   0.6805
   0.2574
   0.3415
   0.4150
   0.4957
   0.5647
   0.6392
   0.7037
   0.3206
   0.3685
   0.4734
   0.5747
   0.6640
   0.7400
   0.8119
   0.1536
   0.3074
   0.4209
   0.5285
   0.6121
   0.6755
   0.7477
   0.1909
   0.3213
   0.3910
   0.4813
   0.5685
   0.6416
   0.7101
   0.2116
   0.3068
   0.4208
   0.4860
   0.5456
   0.6000
   0.6594
   0.2409
   0.3484
   0.4453
   0.5579
   0.6417
   0.7000
   0.7594
   0.3319
   0.4731
   0.5847
   0.6515
   0.7157
   0.7624
   0.8087
   0.2808
   0.3708
   0.4515
   0.5443
   0.6418
   0.7104
   0.7661
   0.2658
   0.3958
   0.4676
   0.5815
   0.6591
   0.7261
   0.7815
   0.2830
   0.4129
   0.4620
   0.5479
   0.6158
   0.6915
   0.7496