93.912
150.196
184.287
223.599
250.691
296.124
338.323
143.367
192.028
222.434
258.634
293.279
312.232
349.443
156.819
209.685
253.870
288.539
288.539
355.431
393.494
179.261
210.731
242.116
268.969
297.063
334.593
381.313
166.540
209.181
255.189
292.544
333.634
381.617
431.547
173.032
206.104
243.003
280.118
317.362
364.591
410.911
132.102
200.361
247.309
292.537
340.926
385.613
435.984
172.282
221.196
258.958
296.201
327.697
369.368
415.158
124.627
163.237
210.583
250.832
286.410
325.721
367.692
144.693
225.699
280.436
306.659
344.155
386.535
436.998
175.319
218.472
254.793
289.423
329.319
364.450
401.471
156.426
220.470
258.500
262.237
305.415
349.413
403.092
188.538
231.337
267.706
307.928
349.692
385.355
423.789
106.248
147.196
187.936
239.522
287.869
345.156
397.471
142.884
187.505
231.704
256.896
294.870
331.045
370.268
175.536
205.460
236.838
266.767
306.060
344.999
382.516
160.261
181.299
230.879
279.972
339.481
393.501
434.952
152.958
203.308
242.243
281.918
315.327
335.354
372.337
165.780
207.728
233.424
271.501
309.907
341.106
379.221
190.442
209.335
262.037
288.282
321.191
354.436
406.515
164.516
190.257
216.618
256.536
284.046
311.116
347.236
178.674
247.545
298.128
316.220
334.486
357.001
403.102
156.056
174.077
200.919
233.294
262.557
292.285
334.330
142.659
186.578
208.591
243.918
276.517
311.843
355.181
193.071
237.528
264.775
303.329
349.833
396.996
436.377