145.698
202.791
231.453
267.785
292.117
338.066
381.764
198.175
251.443
282.900
309.912
337.541
351.592
381.072
189.838
245.802
294.405
322.455
322.455
373.560
400.338
188.102
217.223
249.029
273.732
300.227
334.012
374.969
191.454
238.691
281.447
319.023
349.315
391.523
426.253
232.877
261.149
291.825
324.011
366.058
406.399
443.273
139.838
201.962
253.949
296.358
339.649
378.541
411.399
196.880
246.068
286.759
319.886
344.376
379.599
412.322
135.412
178.602
226.603
270.206
305.469
344.225
380.836
145.389
230.521
278.262
300.759
327.707
367.509
408.178
185.361
225.090
266.617
304.075
336.689
363.380
388.395
125.768
199.319
253.803
262.826
299.552
342.470
385.329
184.798
229.226
268.013
303.315
338.650
367.582
392.161
199.479
235.540
272.699
320.050
365.205
412.318
453.590
180.686
227.604
271.514
300.296
334.783
365.301
403.405
159.375
185.675
225.029
262.168
298.687
334.580
366.678
219.498
238.960
282.038
319.885
370.202
414.611
444.167
170.684
224.490
271.972
309.570
341.194
357.634
391.096
176.023
220.018
250.186
289.673
325.527
356.653
390.724
98.136
154.094
210.027
236.212
267.446
296.245
330.236
205.431
235.571
257.032
289.717
316.693
338.926
373.159
202.387
266.188
310.546
322.549
337.850
354.483
383.056
173.744
194.937
222.096
253.053
281.948
307.644
341.895
174.455
210.574
226.072
258.695
299.022
326.465
358.816
201.282
243.262
270.676
302.513
341.577
375.644
405.675