   0.7382
   0.8918
   0.9368
   0.9691
   0.9855
   0.9915
   0.9948
   0.8782
   0.9170
   0.9689
   0.9827
   0.9890
   0.9932
   0.9959
   0.8920
   0.9373
   0.9654
   0.9810
   0.9881
   0.9934
   0.9962
   0.8569
   0.8930
   0.9329
   0.9591
   0.9758
   0.9841
   0.9907
   0.7966
   0.9161
   0.9360
   0.9779
   0.9887
   0.9950
   0.9972
   0.7738
   0.9154
   0.9599
   0.9875
   0.9928
   0.9957
   0.9974
   0.8355
   0.9042
   0.9370
   0.9581
   0.9767
   0.9885
   0.9932
   0.9168
   0.9705
   0.9877
   0.9925
   0.9962
   0.9977
   0.9986
   0.7508
   0.8190
   0.8637
   0.9156
   0.9433
   0.9735
   0.9882
   0.9124
   0.9625
   0.9639
   0.9796
   0.9883
   0.9930
   0.9963
   0.9290
   0.9445
   0.9707
   0.9848
   0.9917
   0.9950
   0.9970
   0.8440
   0.9101
   0.9504
   0.9698
   0.9816
   0.9891
   0.9945
   0.9093
   0.9632
   0.9800
   0.9884
   0.9938
   0.9962
   0.9977
   0.9393
   0.9409
   0.9720
   0.9774
   0.9814
   0.9868
   0.9900
   0.7815
   0.9283
   0.9447
   0.9735
   0.9806
   0.9889
   0.9926
   0.8803
   0.9119
   0.9553
   0.9701
   0.9810
   0.9903
   0.9939
   0.9130
   0.9562
   0.9705
   0.9826
   0.9897
   0.9939
   0.9964
   0.7295
   0.9184
   0.9587
   0.9766
   0.9872
   0.9924
   0.9959
   0.8108
   0.8683
   0.9267
   0.9614
   0.9735
   0.9820
   0.9904
   0.8214
   0.9331
   0.9550
   0.9713
   0.9811
   0.9886
   0.9925
   0.8450
   0.9025
   0.9466
   0.9670
   0.9830
   0.9907
   0.9945
   0.9252
   0.9717
   0.9867
   0.9922
   0.9955
   0.9970
   0.9981
   0.8368
   0.9159
   0.9495
   0.9783
   0.9876
   0.9938
   0.9963
   0.8322
   0.9385
   0.9606
   0.9852
   0.9918
   0.9955
   0.9974
   0.8721
   0.9205
   0.9497
   0.9766
   0.9886
   0.9932
   0.9962