84.668
144.539
178.927
226.673
259.335
288.245
313.155
108.631
148.882
191.926
227.674
260.006
275.439
296.811
139.425
177.545
216.168
239.382
268.744
294.488
314.881
149.629
175.626
218.805
251.092
281.785
307.956
334.498
89.221
157.183
170.994
241.676
278.246
314.189
336.175
152.136
198.920
248.646
281.252
294.688
314.805
335.382
85.846
134.029
173.216
206.304
248.458
289.875
321.565
130.789
173.115
222.209
252.255
282.083
302.134
320.248
58.609
69.846
92.031
151.855
190.561
244.803
286.627
122.128
146.285
179.705
241.416
280.256
311.717
346.921
152.172
185.011
231.842
262.826
289.868
312.217
335.590
88.137
144.518
195.602
236.303
269.406
294.161
318.123
155.288
209.348
244.316
273.816
299.649
326.159
345.272
130.171
164.414
203.450
230.925
247.451
269.824
290.654
116.364
181.050
204.552
234.254
257.197
290.969
315.284
151.714
177.491
225.479
254.955
285.354
323.346
345.646
134.592
178.058
218.990
249.400
283.154
306.571
325.830
88.009
156.021
193.560
228.732
258.886
286.907
311.008
92.656
137.050
172.008
212.506
240.577
266.489
299.802
116.743
185.981
219.935
248.462
277.317
320.120
346.466
131.177
167.891
209.866
235.878
274.654
301.577
323.458
155.095
205.634
243.768
268.655
298.383
318.854
339.145
123.251
153.533
182.403
246.793
285.602
312.704
336.033
103.156
163.179
208.418
253.378
285.626
310.630
324.464
159.984
198.398
232.898
280.357
310.658
337.355
365.058