216.283
260.245
293.263
326.860
356.877
380.130
401.030
232.116
258.892
302.274
328.729
354.693
376.820
401.973
244.345
273.651
301.738
326.447
351.929
374.085
395.059
225.269
243.687
275.105
301.439
327.545
349.429
372.311
214.791
263.338
281.276
325.301
352.198
382.028
405.450
247.464
286.202
319.740
364.945
385.916
407.957
427.462
205.924
246.210
279.503
310.833
348.655
379.827
403.330
233.139
271.554
306.286
324.478
353.708
376.263
398.419
201.743
212.173
245.989
300.449
334.658
373.207
402.253
217.605
252.426
286.820
325.885
356.716
381.465
404.375
220.791
238.434
270.863
295.770
320.952
342.417
362.310
196.946
251.446
285.163
317.255
344.467
368.496
390.206
239.876
278.722
302.769
328.743
352.974
373.831
394.144
241.681
270.662
317.037
343.732
366.578
392.090
413.002
223.828
267.866
294.516
307.811
345.999
375.285
397.536
234.865
256.794
291.312
314.539
338.039
362.353
383.798
245.372
281.076
308.409
347.109
375.500
401.122
428.242
212.613
261.307
290.215
313.447
338.115
358.964
382.544
224.081
262.300
291.966
315.920
337.084
357.826
381.030
183.504
235.410
257.051
281.059
303.011
328.331
348.207
232.183
259.063
290.842
317.186
341.411
364.502
386.395
231.990
274.380
309.400
334.040
354.172
372.629
392.540
223.446
257.362
279.278
318.813
343.312
372.671
395.679
208.884
260.256
287.172
323.827
348.174
372.287
394.389
220.461
256.480
279.333
315.077
341.680
364.172
386.969