155.568
199.530
232.548
266.145
296.162
319.415
340.315
182.384
209.160
252.542
278.997
304.961
327.088
352.242
188.178
217.484
245.571
270.280
295.762
317.918
338.892
169.910
188.328
219.746
246.080
272.187
294.070
316.952
157.968
206.515
224.452
268.478
295.375
325.205
348.627
213.239
251.977
285.515
330.720
351.691
373.732
393.237
141.259
181.544
214.837
246.167
283.990
315.161
338.664
173.975
212.389
247.122
265.313
294.544
317.098
339.255
132.678
143.109
176.924
231.384
265.594
304.142
333.188
151.568
186.389
220.783
259.848
290.679
315.428
338.338
162.234
179.876
212.305
237.213
262.394
283.860
303.752
132.651
187.151
220.868
252.961
280.172
304.201
325.912
165.280
204.126
228.173
254.147
278.378
299.235
319.548
214.456
243.438
289.813
316.508
339.353
364.865
385.777
177.671
221.710
248.360
261.655
299.843
329.129
351.380
155.698
177.628
212.145
235.372
258.872
283.186
304.631
203.414
239.118
266.451
305.151
333.543
359.164
386.284
155.964
204.659
233.567
256.798
281.466
302.316
325.896
164.416
202.636
232.302
256.255
277.420
298.161
321.365
106.535
158.441
180.082
204.090
226.041
251.362
271.238
178.918
205.798
237.577
263.921
288.146
311.237
333.130
177.422
219.812
254.832
279.472
299.604
318.060
337.972
159.873
193.789
215.705
255.240
279.738
309.098
332.106
144.323
195.694
222.610
259.266
283.612
307.725
329.827
175.082
211.101
233.955
269.699
296.301
318.793
341.590