   0.6267
   0.7400
   0.8041
   0.8714
   0.9247
   0.9494
   0.9659
   0.7578
   0.8022
   0.8978
   0.9309
   0.9561
   0.9716
   0.9834
   0.7551
   0.8216
   0.8810
   0.9190
   0.9443
   0.9637
   0.9768
   0.6705
   0.7288
   0.7906
   0.8427
   0.8879
   0.9186
   0.9454
   0.6842
   0.7852
   0.8432
   0.9074
   0.9405
   0.9681
   0.9811
   0.6268
   0.7783
   0.8565
   0.9429
   0.9648
   0.9786
   0.9855
   0.7516
   0.8323
   0.8721
   0.9079
   0.9422
   0.9628
   0.9744
   0.7712
   0.8930
   0.9409
   0.9593
   0.9779
   0.9866
   0.9916
   0.8124
   0.8500
   0.8850
   0.9042
   0.9243
   0.9456
   0.9650
   0.7755
   0.8927
   0.9203
   0.9420
   0.9624
   0.9735
   0.9828
   0.7662
   0.7940
   0.8766
   0.9229
   0.9541
   0.9702
   0.9813
   0.7286
   0.8381
   0.8804
   0.9162
   0.9426
   0.9642
   0.9778
   0.7478
   0.8596
   0.9067
   0.9394
   0.9640
   0.9755
   0.9842
   0.8643
   0.8792
   0.9282
   0.9555
   0.9694
   0.9792
   0.9852
   0.6777
   0.8106
   0.8440
   0.9010
   0.9375
   0.9592
   0.9722
   0.7072
   0.7771
   0.8550
   0.8964
   0.9235
   0.9524
   0.9677
   0.7971
   0.8733
   0.8997
   0.9385
   0.9610
   0.9746
   0.9845
   0.5815
   0.7759
   0.8581
   0.9052
   0.9401
   0.9598
   0.9764
   0.7611
   0.8347
   0.8808
   0.9058
   0.9266
   0.9455
   0.9631
   0.6327
   0.7804
   0.8252
   0.8663
   0.8974
   0.9291
   0.9480
   0.6830
   0.7464
   0.8237
   0.8829
   0.9206
   0.9471
   0.9671
   0.7672
   0.8822
   0.9365
   0.9602
   0.9734
   0.9811
   0.9878
   0.6487
   0.7668
   0.8217
   0.9001
   0.9278
   0.9590
   0.9748
   0.6911
   0.8092
   0.8467
   0.9192
   0.9482
   0.9684
   0.9816
   0.6891
   0.7703
   0.8198
   0.8870
   0.9290
   0.9536
   0.9708