   0.2378
   0.4693
   0.5928
   0.7205
   0.8264
   0.8778
   0.9131
   0.4192
   0.4690
   0.6221
   0.6750
   0.7565
   0.7709
   0.8095
   0.5268
   0.6284
   0.7396
   0.8060
   0.8542
   0.8998
   0.9313
   0.3612
   0.4299
   0.5650
   0.6586
   0.7442
   0.7977
   0.8590
   0.4654
   0.6148
   0.6820
   0.8039
   0.8613
   0.9308
   0.9584
   0.2584
   0.6267
   0.7697
   0.9065
   0.9416
   0.9649
   0.9759
   0.2913
   0.4052
   0.4768
   0.5469
   0.6209
   0.6992
   0.7527
   0.7734
   0.8975
   0.9444
   0.9618
   0.9793
   0.9875
   0.9922
   0.1388
   0.2179
   0.2790
   0.3344
   0.3942
   0.4755
   0.6035
   0.4201
   0.5457
   0.5981
   0.6433
   0.6905
   0.7372
   0.8073
   0.7389
   0.7549
   0.8512
   0.9067
   0.9406
   0.9587
   0.9738
   0.3342
   0.4353
   0.5145
   0.5703
   0.6327
   0.6819
   0.7725
   0.6566
   0.8018
   0.8568
   0.8915
   0.9284
   0.9450
   0.9619
   0.2775
   0.3029
   0.3717
   0.4128
   0.4386
   0.4722
   0.5002
   0.2117
   0.3912
   0.4551
   0.5120
   0.5588
   0.6075
   0.6666
   0.4512
   0.5305
   0.6388
   0.7011
   0.7408
   0.8094
   0.8425
   0.3766
   0.4668
   0.5280
   0.5975
   0.6746
   0.7319
   0.7771
   0.4465
   0.7177
   0.8171
   0.8768
   0.9215
   0.9469
   0.9689
   0.4332
   0.5604
   0.6435
   0.7219
   0.7641
   0.8042
   0.8597
   0.3594
   0.5259
   0.5851
   0.6502
   0.6993
   0.7620
   0.8000
   0.4142
   0.5537
   0.6778
   0.7724
   0.8472
   0.8940
   0.9328
   0.7040
   0.8390
   0.9060
   0.9387
   0.9557
   0.9682
   0.9797
   0.2713
   0.5507
   0.6613
   0.7838
   0.8402
   0.8954
   0.9259
   0.4692
   0.6658
   0.7102
   0.8528
   0.9066
   0.9428
   0.9672
   0.4601
   0.5749
   0.6712
   0.7790
   0.8557
   0.8948
   0.9239