   0.1529
   0.2985
   0.3953
   0.5110
   0.6135
   0.6840
   0.7457
   0.2574
   0.3178
   0.4699
   0.5493
   0.6333
   0.7048
   0.7746
   0.2975
   0.3865
   0.4910
   0.5631
   0.6388
   0.7060
   0.7659
   0.2553
   0.3046
   0.3958
   0.4732
   0.5502
   0.6197
   0.6879
   0.2298
   0.3537
   0.4366
   0.5497
   0.6371
   0.7256
   0.7919
   0.1536
   0.3207
   0.4339
   0.6197
   0.7010
   0.7727
   0.8242
   0.2388
   0.3550
   0.4359
   0.5400
   0.6396
   0.7198
   0.7797
   0.2966
   0.4345
   0.5433
   0.5953
   0.6842
   0.7478
   0.8047
   0.1436
   0.2272
   0.3244
   0.4316
   0.5368
   0.6343
   0.7175
   0.2636
   0.4170
   0.5177
   0.5955
   0.6795
   0.7421
   0.7932
   0.3066
   0.3379
   0.4402
   0.5168
   0.5952
   0.6591
   0.7164
   0.2165
   0.3247
   0.4127
   0.5039
   0.5892
   0.6609
   0.7268
   0.3060
   0.4428
   0.5155
   0.5933
   0.6701
   0.7288
   0.7835
   0.3380
   0.3919
   0.5012
   0.5987
   0.6748
   0.7479
   0.8066
   0.1507
   0.3193
   0.3827
   0.4664
   0.5771
   0.6605
   0.7300
   0.2608
   0.3256
   0.4377
   0.5172
   0.5858
   0.6611
   0.7251
   0.3143
   0.4138
   0.4849
   0.6051
   0.6945
   0.7678
   0.8328
   0.1775
   0.3290
   0.4278
   0.5083
   0.5927
   0.6565
   0.7324
   0.2231
   0.3337
   0.4256
   0.4976
   0.5644
   0.6313
   0.7042
   0.2089
   0.3513
   0.4116
   0.4858
   0.5481
   0.6165
   0.6698
   0.2293
   0.3152
   0.4133
   0.5050
   0.5874
   0.6582
   0.7302
   0.3304
   0.4613
   0.5751
   0.6538
   0.7097
   0.7559
   0.8035
   0.2081
   0.3281
   0.4092
   0.5425
   0.6041
   0.7034
   0.7724
   0.2408
   0.3815
   0.4363
   0.5666
   0.6463
   0.7179
   0.7817
   0.2871
   0.3767
   0.4554
   0.5561
   0.6377
   0.7016
   0.7640