113.099
166.907
207.004
256.735
303.151
340.697
377.428
156.316
192.804
251.457
293.735
332.968
370.591
416.152
178.433
220.066
262.531
297.244
337.050
376.691
423.152
182.823
206.497
246.310
287.770
324.983
359.164
399.276
150.951
214.387
230.841
301.887
348.339
405.342
450.529
185.297
237.047
287.052
347.133
379.183
412.824
451.786
153.568
204.278
248.336
288.991
343.187
401.693
448.277
186.818
236.892
289.334
322.132
365.423
405.058
450.068
129.680
145.951
173.253
232.869
272.587
329.254
377.673
177.936
225.922
264.888
319.422
372.506
412.785
476.720
192.306
219.098
262.779
300.465
336.572
373.212
413.045
170.245
224.027
270.414
314.675
355.086
396.984
443.929
203.440
253.842
291.653
333.173
373.246
414.325
457.521
154.142
193.713
255.758
286.257
318.084
352.351
388.180
150.944
215.679
249.037
272.825
323.692
369.579
404.318
196.571
213.497
262.876
294.514
330.175
370.192
405.937
172.309
221.731
258.282
319.661
367.140
416.529
453.469
156.557
220.795
257.495
292.850
327.225
360.358
397.950
171.692
210.953
248.797
284.990
315.034
342.150
383.324
180.683
248.056
276.913
312.898
354.369
404.171
451.568
164.974
202.575
242.844
275.935
317.727
358.317
397.096
198.092
256.006
304.969
345.186
387.862
431.438
482.324
151.378
194.235
225.918
284.615
331.951
388.953
432.862
139.369
199.072
242.548
298.380
343.150
387.255
430.192
192.174
239.732
273.364
330.769
380.714
421.575
447.446