168.827
223.132
265.836
313.145
355.020
390.237
423.433
215.132
255.042
303.843
341.873
374.479
398.256
425.742
225.567
265.109
301.300
329.131
363.377
393.029
419.430
190.913
214.088
254.217
289.986
325.779
354.361
386.906
175.297
243.373
256.060
327.955
368.784
412.174
441.833
246.843
297.115
349.110
393.307
414.528
441.970
471.061
155.574
202.798
246.547
283.463
329.925
375.678
408.633
223.013
266.443
319.590
351.888
385.714
411.072
438.434
139.535
149.721
186.001
249.490
290.350
343.301
387.862
181.680
208.471
249.610
311.819
356.246
391.994
426.883
199.929
236.545
282.555
315.514
345.672
370.869
397.602
153.147
218.622
268.126
310.798
346.845
376.815
408.558
208.684
257.100
295.155
331.993
361.375
390.947
418.425
230.463
268.769
326.067
349.779
373.241
401.380
426.051
195.247
246.930
285.410
290.349
343.685
389.816
417.978
189.127
210.793
253.622
285.634
320.998
357.296
384.501
226.213
266.548
303.435
352.639
387.955
420.593
454.296
181.615
251.066
289.214
325.398
360.660
391.700
422.835
182.482
227.326
263.647
302.629
332.870
359.117
396.234
131.000
196.152
226.609
255.751
285.586
327.494
355.352
204.596
242.453
284.701
314.581
354.286
390.234
415.515
229.587
279.007
317.392
343.649
375.936
402.649
428.078
184.439
221.310
251.396
307.924
347.965
383.918
410.757
164.336
229.941
274.984
322.923
358.307
389.382
410.014
200.819
245.839
278.713
327.096
363.274
392.228
425.226