0.00000
1.78380
2.55330
4.13820
5.49180
6.00390
7.02360
0.00000
1.68390
2.22480
4.42800
5.12910
6.55920
6.79500
0.00000
1.63890
2.06640
2.45250
4.83300
5.96610
7.36380
0.00000
1.22850
1.92690
3.07440
4.68450
5.06520
6.42960
0.00000
1.39140
1.61460
3.59550
5.80410
7.89930
8.47170
0.00000
1.46610
2.42910
4.74840
5.64030
7.30350
8.16120
0.00000
1.01970
2.69730
3.12030
5.15610
6.57180
7.26840
0.00000
1.47150
1.80270
3.59100
5.75730
7.61490
8.55000
0.00000
1.33290
1.64790
2.11140
5.36580
6.51870
7.68240
0.00000
1.92510
2.49660
3.72600
5.58270
6.46380
7.04070
0.00000
1.43550
2.42460
3.49920
4.77990
6.15780
7.78320
0.00000
1.26360
2.08980
3.10050
4.23540
6.16950
7.31970
0.00000
1.47060
1.78560
4.45500
5.66910
7.12440
7.38360
0.00000
1.04850
1.75410
2.87730
5.30370
6.36750
7.48890
0.00000
1.43010
3.30120
4.24620
5.31000
6.78240
7.28460
0.00000
1.28250
2.45700
3.70620
5.19570
6.74280
7.15590
0.00000
1.49310
1.26630
4.31910
6.11730
6.40350
7.41060
0.00000
1.44720
1.90350
1.56420
5.41530
6.52950
7.89210
0.00000
1.40130
1.90800
2.47410
3.39840
5.83920
7.13160
0.00000
1.75770
1.97730
3.10140
3.02130
4.61610
6.94170
0.00000
0.94230
1.82880
2.88720
4.98870
6.59340
7.02990
0.00000
1.14120
2.32380
3.80610
5.38830
6.37560
7.78590
0.00000
1.05210
2.13300
3.18330
4.59090
6.60330
7.15950
0.00000
1.11060
1.36260
2.08890
4.68810
6.56280
7.60230
0.00000
1.12860
1.47510
2.09790
3.65310
6.16950
7.18830
