0.69390
2.12580
2.96280
3.88800
6.54120
6.60060
7.75350
0.67770
0.99900
2.67300
4.95720
6.04710
7.27470
7.60500
0.40680
0.97470
1.44810
2.16000
5.31450
7.30890
8.38890
0.55980
1.52820
2.21310
3.14910
4.86000
6.39540
7.34040
0.43560
1.61460
2.30580
5.04990
6.35580
7.82010
8.34480
0.68580
1.55520
2.56410
3.82320
6.94620
6.80580
8.12610
0.43020
1.12140
3.21120
4.25160
6.04350
6.55020
7.48170
0.59490
0.82890
1.52820
3.95010
6.63210
8.07300
8.77140
0.41670
1.35540
2.07810
3.87270
5.34960
6.10380
7.45470
0.55800
0.78930
2.99790
4.64940
6.92640
7.58790
7.74450
0.84510
1.15380
2.41020
3.35790
4.79880
6.42240
7.52850
0.64890
1.11060
2.62260
3.15090
4.15890
5.78070
6.99300
0.80280
1.66050
2.44260
4.19490
6.29820
7.12980
7.51680
0.50220
0.75510
2.46780
4.70160
5.25600
6.33600
7.30800
1.09170
1.84410
2.63610
5.10030
6.49890
7.25670
8.08740
1.25460
1.82430
2.77470
3.46950
6.22170
6.93000
7.95870
0.80460
2.14470
3.68190
4.75110
6.35670
6.88590
7.64280
0.36270
1.50300
2.61000
3.73590
5.73840
6.83820
8.55000
0.45000
0.86130
1.18530
3.01950
4.61160
6.91830
8.42850
0.69750
1.74780
2.58660
3.60090
5.01480
6.71400
7.89570
0.69840
0.90270
2.27250
3.59730
5.34240
7.49970
8.68860
1.02780
1.27530
2.17260
3.97260
4.67370
6.43140
7.56720
1.12230
1.85670
3.34350
3.56940
4.92300
5.59170
7.30260
0.89460
1.28430
2.69370
3.74220
5.04630
6.61860
8.05320
0.55710
1.01880
1.67490
2.71800
4.70070
6.03000
7.14780
