0.69390
2.12580
2.96280
3.88800
6.54120
6.60060
7.75350
0.67770
0.99900
2.67300
4.95720
6.04710
7.27470
7.60500
0.40680
0.97470
1.44810
2.16000
5.31450
7.30890
8.38890
0.55980
1.52820
2.21310
3.14910
4.86000
6.39540
7.34040
0.43560
1.61460
2.30580
5.04990
6.35580
7.82010
8.34480
0.68580
1.55520
2.56410
3.82320
6.94620
6.80580
8.12610
0.43020
1.12140
3.21120
4.25160
6.04350
6.55020
7.48170
0.59490
0.82890
1.52820
3.95010
6.63210
8.07300
8.77140
0.41670
1.35540
2.07810
3.87270
5.34960
6.10380
7.45470
0.55800
0.78930
2.99790
4.64940
6.92640
7.58790
7.74450
0.84510
1.15380
2.41020
3.35790
4.79880
6.42240
7.52850
0.64890
1.11060
2.62260
3.15090
4.15890
5.78070
6.99300
0.80280
1.66050
2.44260
4.19490
6.29820
7.12980
7.51680
0.50220
0.75510
2.46780
4.70160
5.25600
6.33600
7.30800
1.09170
1.84410
2.63610
5.10030
6.49890
7.25670
8.08740
1.25460
1.82430
2.77470
3.46950
6.22170
6.93000
7.95870
0.80460
2.14470
3.68190
4.75110
6.35670
6.88590
7.64280
0.36270
1.50300
2.61000
3.73590
5.73840
6.83820
8.55000
0.45000
0.86130
1.18530
3.01950
4.61160
6.91830
8.42850
0.69750
1.74780
2.58660
3.60090
5.01480
6.71400
7.89570
0.69840
0.90270
2.27250
3.59730
5.34240
7.49970
8.68860
1.02780
1.27530
2.17260
3.97260
4.67370
6.43140
7.56720
1.12230
1.85670
3.34350
3.56940
4.92300
5.59170
7.30260
0.89460
1.28430
2.69370
3.74220
5.04630
6.61860
8.05320
0.55710
1.01880
1.67490
2.71800
4.70070
6.03000
7.14780
0.37260
1.22850
2.36880
4.35240
6.25320
6.91020
8.21250
0.41670
1.21770
2.07810
3.90150
6.28110
6.86790
7.63830
0.47880
1.00710
2.68020
2.82600
4.16790
6.65010
8.06040
0.29430
1.29510
1.66770
2.88810
4.32000
6.43050
7.64370
0.79740
1.02420
1.72710
3.83940
5.64930
7.89300
8.03430
0.75960
1.30680
2.93670
4.16250
6.26400
6.90390
7.74630
0.54270
1.47600
2.89710
3.42090
4.90410
6.66450
7.44570
0.42750
0.96300
1.93230
3.03660
6.41250
8.11350
8.43030
0.46890
1.51290
2.51910
3.59100
6.02910
7.48170
8.39970
0.15300
1.35090
3.21930
5.28570
6.25320
7.34220
7.66980
0.42210
1.12590
1.86210
3.31560
4.74930
6.62310
7.74000
0.88740
1.54710
2.27970
3.34620
5.21460
7.01190
7.52850
0.33930
1.31760
2.51190
4.17240
5.82660
7.88580
8.44200
0.30060
0.98280
2.66130
3.85740
5.55480
6.62760
7.84170
0.77850
2.15820
3.19320
4.76730
6.28470
7.80750
8.41230
0.53640
1.22670
2.00790
3.26430
4.77720
6.58170
7.88400
0.26280
1.08630
3.06810
4.19130
6.24510
7.34940
8.61210
0.15570
1.00170
2.36610
3.39390
5.26320
6.44040
8.02890
0.01170
0.89640
1.75590
3.63330
4.92120
7.54290
8.06130
0.66060
0.82890
2.14920
3.39480
5.06430
6.45750
7.42770
0.59850
0.61560
2.27250
4.80330
5.79690
8.04330
8.38980
0.82890
1.32660
2.14920
3.61170
5.32710
7.20360
7.91550
0.36720
1.47690
2.75040
4.68540
5.32440
7.56900
8.38800
0.40140
1.17990
1.94850
3.08250
5.18760
6.74100
7.32420
0.44100
0.80190
1.28430
2.06460
6.01920
6.90210
8.25120
0.81180
2.05020
2.56500
4.13910
6.54210
8.04690
8.65170
0.54270
1.87830
2.62170
5.06970
6.37740
7.35390
8.78850
0.26190
1.07460
2.12310
3.02760
5.53230
6.75630
8.46000
0.65610
1.17180
2.11050
2.99610
4.81230
6.61680
8.73000
0.14400
1.43100
2.01690
3.87450
6.27660
8.12070
8.71920
0.57870
1.53540
2.92950
5.05170
5.69700
7.52490
8.33220
0.27180
1.19070
1.91340
3.16440
5.26320
6.84450
7.97580
0.47610
1.06830
1.82160
3.82950
6.03090
7.68960
8.43210
0.67500
1.24200
1.97820
2.77290
6.24060
7.13520
7.67970
0.50490
1.47330
2.95380
4.04910
5.55570
6.66720
7.50600
0.32220
1.14120
2.23110
3.07710
4.74660
6.82470
8.29620
1.04040
1.25460
2.68380
3.54060
4.94550
6.65550
7.35030
0.42300
1.35450
2.38680
2.78640
5.98950
7.80660
8.09370
0.17640
1.35000
1.64970
2.95740
5.06610
6.93360
7.67070
1.11150
1.75410
2.87730
4.22730
5.21730
7.12170
8.30970
0.71100
1.20420
2.59110
3.88350
4.75380
6.38370
7.64910
0.15570
1.76580
3.24540
4.96350
6.40530
7.04790
7.72740
0.33570
1.70460
1.93500
3.29850
5.60430
7.98750
7.46100
0.18630
0.69300
1.60920
3.39120
5.25060
7.49700
8.03790
0.88380
1.43820
1.77480
3.26160
5.12010
6.39720
8.09460
0.40050
0.63090
2.13210
4.30830
5.21910
7.73280
8.33670
0.35370
1.81980
2.41290
2.86380
4.20390
7.55910
8.36190
0.53190
1.62810
3.02130
4.43070
5.90490
6.50340
8.06220
0.47250
2.12580
2.63970
3.90690
5.78610
8.02800
8.58960
0.31050
0.56430
1.98000
2.49660
5.78160
7.80120
8.19180
0.00000
1.78380
2.55330
4.13820
5.49180
6.00390
7.02360
0.00000
1.68390
2.22480
4.42800
5.12910
6.55920
6.79500
0.00000
1.63890
2.06640
2.45250
4.83300
5.96610
7.36380
0.00000
1.22850
1.92690
3.07440
4.68450
5.06520
6.42960
0.00000
1.39140
1.61460
3.59550
5.80410
7.89930
8.47170
0.00000
1.46610
2.42910
4.74840
5.64030
7.30350
8.16120
0.00000
1.01970
2.69730
3.12030
5.15610
6.57180
7.26840
0.00000
1.47150
1.80270
3.59100
5.75730
7.61490
8.55000
0.00000
1.33290
1.64790
2.11140
5.36580
6.51870
7.68240
0.00000
1.92510
2.49660
3.72600
5.58270
6.46380
7.04070
0.00000
1.43550
2.42460
3.49920
4.77990
6.15780
7.78320
0.00000
1.26360
2.08980
3.10050
4.23540
6.16950
7.31970
0.00000
1.47060
1.78560
4.45500
5.66910
7.12440
7.38360
0.00000
1.04850
1.75410
2.87730
5.30370
6.36750
7.48890
0.00000
1.43010
3.30120
4.24620
5.31000
6.78240
7.28460
0.00000
1.28250
2.45700
3.70620
5.19570
6.74280
7.15590
0.00000
1.49310
1.26630
4.31910
6.11730
6.40350
7.41060
0.00000
1.44720
1.90350
1.56420
5.41530
6.52950
7.89210
0.00000
1.40130
1.90800
2.47410
3.39840
5.83920
7.13160
0.00000
1.75770
1.97730
3.10140
3.02130
4.61610
6.94170
0.00000
0.94230
1.82880
2.88720
4.98870
6.59340
7.02990
0.00000
1.14120
2.32380
3.80610
5.38830
6.37560
7.78590
0.00000
1.05210
2.13300
3.18330
4.59090
6.60330
7.15950
0.00000
1.11060
1.36260
2.08890
4.68810
6.56280
7.60230
0.00000
1.12860
1.47510
2.09790
3.65310
6.16950
7.18830
0.46710
1.44630
2.94840
4.42530
7.11180
7.29630
8.65350
0.43110
1.35720
2.93850
3.84660
7.05690
6.85800
7.26390
0.37440
0.86760
1.85310
3.71970
5.72490
7.17930
8.55900
0.36450
1.49310
1.96110
2.98260
4.76100
6.79050
8.38440
0.63270
0.83250
2.59380
4.38120
6.72030
8.43570
8.76150
0.67860
1.56600
2.34360
3.88530
6.10560
7.24860
8.01630
0.40230
1.21140
2.28060
4.06170
5.37390
6.66810
8.31780
0.52830
1.02870
1.99260
3.15990
6.29100
7.87230
8.69130
0.82890
0.90720
2.07720
3.40830
4.88970
6.57810
7.39440
0.68040
1.42830
3.29760
3.96810
5.67180
7.22700
8.46000
0.45450
1.29600
1.98630
3.40920
5.44500
7.05060
8.17650
0.48150
1.19880
1.87020
3.31020
4.71060
5.51070
7.00110
0.42120
1.25100
2.91690
3.91050
6.67980
7.18200
8.20530
0.32040
1.23210
2.58390
4.67910
5.59530
7.10550
7.61490
0.44910
1.26090
2.68920
3.92490
4.96260
6.57270
8.36820
0.26820
1.64160
2.35980
4.06980
4.83120
5.84280
6.80220
0.39420
1.61190
2.97630
4.45680
5.58900
7.23420
8.07840
0.57510
1.19250
1.63080
3.66390
6.40710
7.94880
8.76870
0.38880
0.93510
1.72170
3.29490
4.85550
6.18930
7.16760
0.83700
1.33020
2.47320
3.54420
5.14170
7.15230
8.08740
0.57690
1.06650
2.13840
3.80340
6.04530
6.44220
7.25760
0.61650
0.89100
2.14740
2.98080
5.33880
7.38360
8.05950
0.71640
1.18710
3.21390
3.61170
4.77720
6.42060
7.61490
0.51480
1.47420
2.35620
4.07430
6.57270
7.25310
8.37810
0.36000
0.68760
1.29960
3.31380
5.56920
6.79230
7.35570
