0.46710
1.44630
2.94840
4.42530
7.11180
7.29630
8.65350
0.43110
1.35720
2.93850
3.84660
7.05690
6.85800
7.26390
0.37440
0.86760
1.85310
3.71970
5.72490
7.17930
8.55900
0.36450
1.49310
1.96110
2.98260
4.76100
6.79050
8.38440
0.63270
0.83250
2.59380
4.38120
6.72030
8.43570
8.76150
0.67860
1.56600
2.34360
3.88530
6.10560
7.24860
8.01630
0.40230
1.21140
2.28060
4.06170
5.37390
6.66810
8.31780
0.52830
1.02870
1.99260
3.15990
6.29100
7.87230
8.69130
0.82890
0.90720
2.07720
3.40830
4.88970
6.57810
7.39440
0.68040
1.42830
3.29760
3.96810
5.67180
7.22700
8.46000
0.45450
1.29600
1.98630
3.40920
5.44500
7.05060
8.17650
0.48150
1.19880
1.87020
3.31020
4.71060
5.51070
7.00110
0.42120
1.25100
2.91690
3.91050
6.67980
7.18200
8.20530
0.32040
1.23210
2.58390
4.67910
5.59530
7.10550
7.61490
0.44910
1.26090
2.68920
3.92490
4.96260
6.57270
8.36820
0.26820
1.64160
2.35980
4.06980
4.83120
5.84280
6.80220
0.39420
1.61190
2.97630
4.45680
5.58900
7.23420
8.07840
0.57510
1.19250
1.63080
3.66390
6.40710
7.94880
8.76870
0.38880
0.93510
1.72170
3.29490
4.85550
6.18930
7.16760
0.83700
1.33020
2.47320
3.54420
5.14170
7.15230
8.08740
0.57690
1.06650
2.13840
3.80340
6.04530
6.44220
7.25760
0.61650
0.89100
2.14740
2.98080
5.33880
7.38360
8.05950
0.71640
1.18710
3.21390
3.61170
4.77720
6.42060
7.61490
0.51480
1.47420
2.35620
4.07430
6.57270
7.25310
8.37810
0.36000
0.68760
1.29960
3.31380
5.56920
6.79230
7.35570
