0.37260
1.22850
2.36880
4.35240
6.25320
6.91020
8.21250
0.41670
1.21770
2.07810
3.90150
6.28110
6.86790
7.63830
0.47880
1.00710
2.68020
2.82600
4.16790
6.65010
8.06040
0.29430
1.29510
1.66770
2.88810
4.32000
6.43050
7.64370
0.79740
1.02420
1.72710
3.83940
5.64930
7.89300
8.03430
0.75960
1.30680
2.93670
4.16250
6.26400
6.90390
7.74630
0.54270
1.47600
2.89710
3.42090
4.90410
6.66450
7.44570
0.42750
0.96300
1.93230
3.03660
6.41250
8.11350
8.43030
0.46890
1.51290
2.51910
3.59100
6.02910
7.48170
8.39970
0.15300
1.35090
3.21930
5.28570
6.25320
7.34220
7.66980
0.42210
1.12590
1.86210
3.31560
4.74930
6.62310
7.74000
0.88740
1.54710
2.27970
3.34620
5.21460
7.01190
7.52850
0.33930
1.31760
2.51190
4.17240
5.82660
7.88580
8.44200
0.30060
0.98280
2.66130
3.85740
5.55480
6.62760
7.84170
0.77850
2.15820
3.19320
4.76730
6.28470
7.80750
8.41230
0.53640
1.22670
2.00790
3.26430
4.77720
6.58170
7.88400
0.26280
1.08630
3.06810
4.19130
6.24510
7.34940
8.61210
0.15570
1.00170
2.36610
3.39390
5.26320
6.44040
8.02890
0.01170
0.89640
1.75590
3.63330
4.92120
7.54290
8.06130
0.66060
0.82890
2.14920
3.39480
5.06430
6.45750
7.42770
0.59850
0.61560
2.27250
4.80330
5.79690
8.04330
8.38980
0.82890
1.32660
2.14920
3.61170
5.32710
7.20360
7.91550
0.36720
1.47690
2.75040
4.68540
5.32440
7.56900
8.38800
0.40140
1.17990
1.94850
3.08250
5.18760
6.74100
7.32420
0.44100
0.80190
1.28430
2.06460
6.01920
6.90210
8.25120
