0.81180
2.05020
2.56500
4.13910
6.54210
8.04690
8.65170
0.54270
1.87830
2.62170
5.06970
6.37740
7.35390
8.78850
0.26190
1.07460
2.12310
3.02760
5.53230
6.75630
8.46000
0.65610
1.17180
2.11050
2.99610
4.81230
6.61680
8.73000
0.14400
1.43100
2.01690
3.87450
6.27660
8.12070
8.71920
0.57870
1.53540
2.92950
5.05170
5.69700
7.52490
8.33220
0.27180
1.19070
1.91340
3.16440
5.26320
6.84450
7.97580
0.47610
1.06830
1.82160
3.82950
6.03090
7.68960
8.43210
0.67500
1.24200
1.97820
2.77290
6.24060
7.13520
7.67970
0.50490
1.47330
2.95380
4.04910
5.55570
6.66720
7.50600
0.32220
1.14120
2.23110
3.07710
4.74660
6.82470
8.29620
1.04040
1.25460
2.68380
3.54060
4.94550
6.65550
7.35030
0.42300
1.35450
2.38680
2.78640
5.98950
7.80660
8.09370
0.17640
1.35000
1.64970
2.95740
5.06610
6.93360
7.67070
1.11150
1.75410
2.87730
4.22730
5.21730
7.12170
8.30970
0.71100
1.20420
2.59110
3.88350
4.75380
6.38370
7.64910
0.15570
1.76580
3.24540
4.96350
6.40530
7.04790
7.72740
0.33570
1.70460
1.93500
3.29850
5.60430
7.98750
7.46100
0.18630
0.69300
1.60920
3.39120
5.25060
7.49700
8.03790
0.88380
1.43820
1.77480
3.26160
5.12010
6.39720
8.09460
0.40050
0.63090
2.13210
4.30830
5.21910
7.73280
8.33670
0.35370
1.81980
2.41290
2.86380
4.20390
7.55910
8.36190
0.53190
1.62810
3.02130
4.43070
5.90490
6.50340
8.06220
0.47250
2.12580
2.63970
3.90690
5.78610
8.02800
8.58960
0.31050
0.56430
1.98000
2.49660
5.78160
7.80120
8.19180
